128 128
1 2 3 4 5 6 7 8 9 10 11 12 13 14 15 16 17 18 19 20 21 22 23 24 25 26 27 28 29 30 31 32 33 34 35 36 37 38 39 40 41 42 43 44 45 46 47 48 49 50 51 52 53 54 55 56 57 58 59 60 61 62 63 64 1 2 3 4 5 6 7 8 9 10 11 12 13 14 15 16 17 18 19 20 21 22 23 24 25 26 27 28 29 30 31 32 33 34 35 36 37 38 39 40 41 42 43 44 45 46 47 48 49 50 51 52 53 54 55 56 57 58 59 60 61 62 63 64
1 2 3 4 5 6 7 8 9 10 11 12 13 14 15 16 17 18 19 20 21 22 23 24 25 26 27 28 29 30 31 32 33 34 35 36 37 38 39 40 41 42 43 44 45 46 47 48 49 50 51 52 53 54 55 56 57 58 59 60 61 62 63 64 1 2 3 4 5 6 7 8 9 10 11 12 13 14 15 16 17 18 19 20 21 22 23 24 25 26 27 28 29 30 31 32 33 34 35 36 37 38 39 40 41 42 43 44 45 46 47 48 49 50 51 52 53 54 55 56 57 58 59 60 61 62 63 64
1 2 3 4 5 6 7 8 9 10 11 12 13 14 15 16 17 18 19 20 21 22 23 24 25 26 27 28 29 30 31 32 33 34 35 36 37 38 39 40 41 42 43 44 45 46 47 48 49 50 51 52 53 54 55 56 57 58 59 60 61 62 63 64 1 2 3 4 5 6 7 8 9 10 11 12 13 14 15 16 17 18 19 20 21 22 23 24 25 26 27 28 29 30 31 32 33 34 35 36 37 38 39 40 41 42 43 44 45 46 47 48 49 50 51 52 53 54 55 56 57 58 59 60 61 62 63 64
1 2 3 4 5 6 7 8 9 10 11 12 13 14 15 16 17 18 19 20 21 22 23 24 25 26 27 28 29 30 31 32 33 34 35 36 37 38 39 40 41 42 43 44 45 46 47 48 49 50 51 52 53 54 55 56 57 58 59 60 61 62 63 64 1 2 3 4 5 6 7 8 9 10 11 12 13 14 15 16 17 18 19 20 21 22 23 24 25 26 27 28 29 30 31 32 33 34 35 36 37 38 39 40 41 42 43 44 45 46 47 48 49 50 51 52 53 54 55 56 57 58 59 60 61 62 63 64
1 2 3 4 5 6 7 8 9 10 11 12 13 14 15 16 17 18 19 20 21 22 23 24 25 26 27 28 29 30 31 32 33 34 35 36 37 38 39 40 41 42 43 44 45 46 47 48 49 50 51 52 53 54 55 56 57 58 59 60 61 62 63 64 1 2 3 4 5 6 7 8 9 10 11 12 13 14 15 16 17 18 19 20 21 22 23 24 25 26 27 28 29 30 31 32 33 34 35 36 37 38 39 40 41 42 43 44 45 46 47 48 49 50 51 52 53 54 55 56 57 58 59 60 61 62 63 64
1 2 3 4 5 6 7 8 9 10 11 12 13 14 15 16 17 18 19 20 21 22 23 24 25 26 27 28 29 30 31 32 33 34 35 36 37 38 39 40 41 42 43 44 45 46 47 48 49 50 51 52 53 54 55 56 57 58 59 60 61 62 63 64 1 2 3 4 5 6 7 8 9 10 11 12 13 14 15 16 17 18 19 20 21 22 23 24 25 26 27 28 29 30 31 32 33 34 35 36 37 38 39 40 41 42 43 44 45 46 47 48 49 50 51 52 53 54 55 56 57 58 59 60 61 62 63 64
1 2 3 4 5 6 7 8 9 10 11 12 13 14 15 16 17 18 19 20 21 22 23 24 25 26 27 28 29 30 31 32 33 34 35 36 37 38 39 40 41 42 43 44 45 46 47 48 49 50 51 52 53 54 55 56 57 58 59 60 61 62 63 64 1 2 3 4 5 6 7 8 9 10 11 12 13 14 15 16 17 18 19 20 21 22 23 24 25 26 27 28 29 30 31 32 33 34 35 36 37 38 39 40 41 42 43 44 45 46 47 48 49 50 51 52 53 54 55 56 57 58 59 60 61 62 63 64
1 2 3 4 5 6 7 8 9 10 11 12 13 14 15 16 17 18 19 20 21 22 23 24 25 26 27 28 29 30 31 32 33 34 35 36 37 38 39 40 41 42 43 44 45 46 47 48 49 50 51 52 53 54 55 56 57 58 59 60 61 62 63 64 1 2 3 4 5 6 7 8 9 10 11 12 13 14 15 16 17 18 19 20 21 22 23 24 25 26 27 28 29 30 31 32 33 34 35 36 37 38 39 40 41 42 43 44 45 46 47 48 49 50 51 52 53 54 55 56 57 58 59 60 61 62 63 64
1 2 3 4 5 6 7 8 9 10 11 12 13 14 15 16 17 18 19 20 21 22 23 24 25 26 27 28 29 30 31 32 33 34 35 36 37 38 39 40 41 42 43 44 45 46 47 48 49 50 51 52 53 54 55 56 57 58 59 60 61 62 63 64 1 2 3 4 5 6 7 8 9 10 11 12 13 14 15 16 17 18 19 20 21 22 23 24 25 26 27 28 29 30 31 32 33 34 35 36 37 38 39 40 41 42 43 44 45 46 47 48 49 50 51 52 53 54 55 56 57 58 59 60 61 62 63 64
1 2 3 4 5 6 7 8 9 10 11 12 13 14 15 16 17 18 19 20 21 22 23 24 25 26 27 28 29 30 31 32 33 34 35 36 37 38 39 40 41 42 43 44 45 46 47 48 49 50 51 52 53 54 55 56 57 58 59 60 61 62 63 64 1 2 3 4 5 6 7 8 9 10 11 12 13 14 15 16 17 18 19 20 21 22 23 24 25 26 27 28 29 30 31 32 33 34 35 36 37 38 39 40 41 42 43 44 45 46 47 48 49 50 51 52 53 54 55 56 57 58 59 60 61 62 63 64
1 2 3 4 5 6 7 8 9 10 11 12 13 14 15 16 17 18 19 20 21 22 23 24 25 26 27 28 29 30 31 32 33 34 35 36 37 38 39 40 41 42 43 44 45 46 47 48 49 50 51 52 53 54 55 56 57 58 59 60 61 62 63 64 1 2 3 4 5 6 7 8 9 10 11 12 13 14 15 16 17 18 19 20 21 22 23 24 25 26 27 28 29 30 31 32 33 34 35 36 37 38 39 40 41 42 43 44 45 46 47 48 49 50 51 52 53 54 55 56 57 58 59 60 61 62 63 64
1 2 3 4 5 6 7 8 9 10 11 12 13 14 15 16 17 18 19 20 21 22 23 24 25 26 27 28 29 30 31 32 33 34 35 36 37 38 39 40 41 42 43 44 45 46 47 48 49 50 51 52 53 54 55 56 57 58 59 60 61 62 63 64 1 2 3 4 5 6 7 8 9 10 11 12 13 14 15 16 17 18 19 20 21 22 23 24 25 26 27 28 29 30 31 32 33 34 35 36 37 38 39 40 41 42 43 44 45 46 47 48 49 50 51 52 53 54 55 56 57 58 59 60 61 62 63 64
1 2 3 4 5 6 7 8 9 10 11 12 13 14 15 16 17 18 19 20 21 22 23 24 25 26 27 28 29 30 31 32 33 34 35 36 37 38 39 40 41 42 43 44 45 46 47 48 49 50 51 52 53 54 55 56 57 58 59 60 61 62 63 64 1 2 3 4 5 6 7 8 9 10 11 12 13 14 15 16 17 18 19 20 21 22 23 24 25 26 27 28 29 30 31 32 33 34 35 36 37 38 39 40 41 42 43 44 45 46 47 48 49 50 51 52 53 54 55 56 57 58 59 60 61 62 63 64
1 2 3 4 5 6 7 8 9 10 11 12 13 14 15 16 17 18 19 20 21 22 23 24 25 26 27 28 29 30 31 32 33 34 35 36 37 38 39 40 41 42 43 44 45 46 47 48 49 50 51 52 53 54 55 56 57 58 59 60 61 62 63 64 1 2 3 4 5 6 7 8 9 10 11 12 13 14 15 16 17 18 19 20 21 22 23 24 25 26 27 28 29 30 31 32 33 34 35 36 37 38 39 40 41 42 43 44 45 46 47 48 49 50 51 52 53 54 55 56 57 58 59 60 61 62 63 64
1 2 3 4 5 6 7 8 9 10 11 12 13 14 15 16 17 18 19 20 21 22 23 24 25 26 27 28 29 30 31 32 33 34 35 36 37 38 39 40 41 42 43 44 45 46 47 48 49 50 51 52 53 54 55 56 57 58 59 60 61 62 63 64 1 2 3 4 5 6 7 8 9 10 11 12 13 14 15 16 17 18 19 20 21 22 23 24 25 26 27 28 29 30 31 32 33 34 35 36 37 38 39 40 41 42 43 44 45 46 47 48 49 50 51 52 53 54 55 56 57 58 59 60 61 62 63 64
1 2 3 4 5 6 7 8 9 10 11 12 13 14 15 16 17 18 19 20 21 22 23 24 25 26 27 28 29 30 31 32 33 34 35 36 37 38 39 40 41 42 43 44 45 46 47 48 49 50 51 52 53 54 55 56 57 58 59 60 61 62 63 64 1 2 3 4 5 6 7 8 9 10 11 12 13 14 15 16 17 18 19 20 21 22 23 24 25 26 27 28 29 30 31 32 33 34 35 36 37 38 39 40 41 42 43 44 45 46 47 48 49 50 51 52 53 54 55 56 57 58 59 60 61 62 63 64
1 2 3 4 5 6 7 8 9 10 11 12 13 14 15 16 17 18 19 20 21 22 23 24 25 26 27 28 29 30 31 32 33 34 35 36 37 38 39 40 41 42 43 44 45 46 47 48 49 50 51 52 53 54 55 56 57 58 59 60 61 62 63 64 1 2 3 4 5 6 7 8 9 10 11 12 13 14 15 16 17 18 19 20 21 22 23 24 25 26 27 28 29 30 31 32 33 34 35 36 37 38 39 40 41 42 43 44 45 46 47 48 49 50 51 52 53 54 55 56 57 58 59 60 61 62 63 64
1 2 3 4 5 6 7 8 9 10 11 12 13 14 15 16 17 18 19 20 21 22 23 24 25 26 27 28 29 30 31 32 33 34 35 36 37 38 39 40 41 42 43 44 45 46 47 48 49 50 51 52 53 54 55 56 57 58 59 60 61 62 63 64 1 2 3 4 5 6 7 8 9 10 11 12 13 14 15 16 17 18 19 20 21 22 23 24 25 26 27 28 29 30 31 32 33 34 35 36 37 38 39 40 41 42 43 44 45 46 47 48 49 50 51 52 53 54 55 56 57 58 59 60 61 62 63 64
1 2 3 4 5 6 7 8 9 10 11 12 13 14 15 16 17 18 19 20 21 22 23 24 25 26 27 28 29 30 31 32 33 34 35 36 37 38 39 40 41 42 43 44 45 46 47 48 49 50 51 52 53 54 55 56 57 58 59 60 61 62 63 64 1 2 3 4 5 6 7 8 9 10 11 12 13 14 15 16 17 18 19 20 21 22 23 24 25 26 27 28 29 30 31 32 33 34 35 36 37 38 39 40 41 42 43 44 45 46 47 48 49 50 51 52 53 54 55 56 57 58 59 60 61 62 63 64
1 2 3 4 5 6 7 8 9 10 11 12 13 14 15 16 17 18 19 20 21 22 23 24 25 26 27 28 29 30 31 32 33 34 35 36 37 38 39 40 41 42 43 44 45 46 47 48 49 50 51 52 53 54 55 56 57 58 59 60 61 62 63 64 1 2 3 4 5 6 7 8 9 10 11 12 13 14 15 16 17 18 19 20 21 22 23 24 25 26 27 28 29 30 31 32 33 34 35 36 37 38 39 40 41 42 43 44 45 46 47 48 49 50 51 52 53 54 55 56 57 58 59 60 61 62 63 64
1 2 3 4 5 6 7 8 9 10 11 12 13 14 15 16 17 18 19 20 21 22 23 24 25 26 27 28 29 30 31 32 33 34 35 36 37 38 39 40 41 42 43 44 45 46 47 48 49 50 51 52 53 54 55 56 57 58 59 60 61 62 63 64 1 2 3 4 5 6 7 8 9 10 11 12 13 14 15 16 17 18 19 20 21 22 23 24 25 26 27 28 29 30 31 32 33 34 35 36 37 38 39 40 41 42 43 44 45 46 47 48 49 50 51 52 53 54 55 56 57 58 59 60 61 62 63 64
1 2 3 4 5 6 7 8 9 10 11 12 13 14 15 16 17 18 19 20 21 22 23 24 25 26 27 28 29 30 31 32 33 34 35 36 37 38 39 40 41 42 43 44 45 46 47 48 49 50 51 52 53 54 55 56 57 58 59 60 61 62 63 64 1 2 3 4 5 6 7 8 9 10 11 12 13 14 15 16 17 18 19 20 21 22 23 24 25 26 27 28 29 30 31 32 33 34 35 36 37 38 39 40 41 42 43 44 45 46 47 48 49 50 51 52 53 54 55 56 57 58 59 60 61 62 63 64
1 2 3 4 5 6 7 8 9 10 11 12 13 14 15 16 17 18 19 20 21 22 23 24 25 26 27 28 29 30 31 32 33 34 35 36 37 38 39 40 41 42 43 44 45 46 47 48 49 50 51 52 53 54 55 56 57 58 59 60 61 62 63 64 1 2 3 4 5 6 7 8 9 10 11 12 13 14 15 16 17 18 19 20 21 22 23 24 25 26 27 28 29 30 31 32 33 34 35 36 37 38 39 40 41 42 43 44 45 46 47 48 49 50 51 52 53 54 55 56 57 58 59 60 61 62 63 64
1 2 3 4 5 6 7 8 9 10 11 12 13 14 15 16 17 18 19 20 21 22 23 24 25 26 27 28 29 30 31 32 33 34 35 36 37 38 39 40 41 42 43 44 45 46 47 48 49 50 51 52 53 54 55 56 57 58 59 60 61 62 63 64 1 2 3 4 5 6 7 8 9 10 11 12 13 14 15 16 17 18 19 20 21 22 23 24 25 26 27 28 29 30 31 32 33 34 35 36 37 38 39 40 41 42 43 44 45 46 47 48 49 50 51 52 53 54 55 56 57 58 59 60 61 62 63 64
1 2 3 4 5 6 7 8 9 10 11 12 13 14 15 16 17 18 19 20 21 22 23 24 25 26 27 28 29 30 31 32 33 34 35 36 37 38 39 40 41 42 43 44 45 46 47 48 49 50 51 52 53 54 55 56 57 58 59 60 61 62 63 64 1 2 3 4 5 6 7 8 9 10 11 12 13 14 15 16 17 18 19 20 21 22 23 24 25 26 27 28 29 30 31 32 33 34 35 36 37 38 39 40 41 42 43 44 45 46 47 48 49 50 51 52 53 54 55 56 57 58 59 60 61 62 63 64
1 2 3 4 5 6 7 8 9 10 11 12 13 14 15 16 17 18 19 20 21 22 23 24 25 26 27 28 29 30 31 32 33 34 35 36 37 38 39 40 41 42 43 44 45 46 47 48 49 50 51 52 53 54 55 56 57 58 59 60 61 62 63 64 1 2 3 4 5 6 7 8 9 10 11 12 13 14 15 16 17 18 19 20 21 22 23 24 25 26 27 28 29 30 31 32 33 34 35 36 37 38 39 40 41 42 43 44 45 46 47 48 49 50 51 52 53 54 55 56 57 58 59 60 61 62 63 64
1 2 3 4 5 6 7 8 9 10 11 12 13 14 15 16 17 18 19 20 21 22 23 24 25 26 27 28 29 30 31 32 33 34 35 36 37 38 39 40 41 42 43 44 45 46 47 48 49 50 51 52 53 54 55 56 57 58 59 60 61 62 63 64 1 2 3 4 5 6 7 8 9 10 11 12 13 14 15 16 17 18 19 20 21 22 23 24 25 26 27 28 29 30 31 32 33 34 35 36 37 38 39 40 41 42 43 44 45 46 47 48 49 50 51 52 53 54 55 56 57 58 59 60 61 62 63 64
1 2 3 4 5 6 7 8 9 10 11 12 13 14 15 16 17 18 19 20 21 22 23 24 25 26 27 28 29 30 31 32 33 34 35 36 37 38 39 40 41 42 43 44 45 46 47 48 49 50 51 52 53 54 55 56 57 58 59 60 61 62 63 64 1 2 3 4 5 6 7 8 9 10 11 12 13 14 15 16 17 18 19 20 21 22 23 24 25 26 27 28 29 30 31 32 33 34 35 36 37 38 39 40 41 42 43 44 45 46 47 48 49 50 51 52 53 54 55 56 57 58 59 60 61 62 63 64
1 2 3 4 5 6 7 8 9 10 11 12 13 14 15 16 17 18 19 20 21 22 23 24 25 26 27 28 29 30 31 32 33 34 35 36 37 38 39 40 41 42 43 44 45 46 47 48 49 50 51 52 53 54 55 56 57 58 59 60 61 62 63 64 1 2 3 4 5 6 7 8 9 10 11 12 13 14 15 16 17 18 19 20 21 22 23 24 25 26 27 28 29 30 31 32 33 34 35 36 37 38 39 40 41 42 43 44 45 46 47 48 49 50 51 52 53 54 55 56 57 58 59 60 61 62 63 64
1 2 3 4 5 6 7 8 9 10 11 12 13 14 15 16 17 18 19 20 21 22 23 24 25 26 27 28 29 30 31 32 33 34 35 36 37 38 39 40 41 42 43 44 45 46 47 48 49 50 51 52 53 54 55 56 57 58 59 60 61 62 63 64 1 2 3 4 5 6 7 8 9 10 11 12 13 14 15 16 17 18 19 20 21 22 23 24 25 26 27 28 29 30 31 32 33 34 35 36 37 38 39 40 41 42 43 44 45 46 47 48 49 50 51 52 53 54 55 56 57 58 59 60 61 62 63 64
1 2 3 4 5 6 7 8 9 10 11 12 13 14 15 16 17 18 19 20 21 22 23 24 25 26 27 28 29 30 31 32 33 34 35 36 37 38 39 40 41 42 43 44 45 46 47 48 49 50 51 52 53 54 55 56 57 58 59 60 61 62 63 64 1 2 3 4 5 6 7 8 9 10 11 12 13 14 15 16 17 18 19 20 21 22 23 24 25 26 27 28 29 30 31 32 33 34 35 36 37 38 39 40 41 42 43 44 45 46 47 48 49 50 51 52 53 54 55 56 57 58 59 60 61 62 63 64
1 2 3 4 5 6 7 8 9 10 11 12 13 14 15 16 17 18 19 20 21 22 23 24 25 26 27 28 29 30 31 32 33 34 35 36 37 38 39 40 41 42 43 44 45 46 47 48 49 50 51 52 53 54 55 56 57 58 59 60 61 62 63 64 1 2 3 4 5 6 7 8 9 10 11 12 13 14 15 16 17 18 19 20 21 22 23 24 25 26 27 28 29 30 31 32 33 34 35 36 37 38 39 40 41 42 43 44 45 46 47 48 49 50 51 52 53 54 55 56 57 58 59 60 61 62 63 64
1 2 3 4 5 6 7 8 9 10 11 12 13 14 15 16 17 18 19 20 21 22 23 24 25 26 27 28 29 30 31 32 33 34 35 36 37 38 39 40 41 42 43 44 45 46 47 48 49 50 51 52 53 54 55 56 57 58 59 60 61 62 63 64 1 2 3 4 5 6 7 8 9 10 11 12 13 14 15 16 17 18 19 20 21 22 23 24 25 26 27 28 29 30 31 32 33 34 35 36 37 38 39 40 41 42 43 44 45 46 47 48 49 50 51 52 53 54 55 56 57 58 59 60 61 62 63 64
1 2 3 4 5 6 7 8 9 10 11 12 13 14 15 16 17 18 19 20 21 22 23 24 25 26 27 28 29 30 31 32 33 34 35 36 37 38 39 40 41 42 43 44 45 46 47 48 49 50 51 52 53 54 55 56 57 58 59 60 61 62 63 64 1 2 3 4 5 6 7 8 9 10 11 12 13 14 15 16 17 18 19 20 21 22 23 24 25 26 27 28 29 30 31 32 33 34 35 36 37 38 39 40 41 42 43 44 45 46 47 48 49 50 51 52 53 54 55 56 57 58 59 60 61 62 63 64
1 2 3 4 5 6 7 8 9 10 11 12 13 14 15 16 17 18 19 20 21 22 23 24 25 26 27 28 29 30 31 32 33 34 35 36 37 38 39 40 41 42 43 44 45 46 47 48 49 50 51 52 53 54 55 56 57 58 59 60 61 62 63 64 1 2 3 4 5 6 7 8 9 10 11 12 13 14 15 16 17 18 19 20 21 22 23 24 25 26 27 28 29 30 31 32 33 34 35 36 37 38 39 40 41 42 43 44 45 46 47 48 49 50 51 52 53 54 55 56 57 58 59 60 61 62 63 64
1 2 3 4 5 6 7 8 9 10 11 12 13 14 15 16 17 18 19 20 21 22 23 24 25 26 27 28 29 30 31 32 33 34 35 36 37 38 39 40 41 42 43 44 45 46 47 48 49 50 51 52 53 54 55 56 57 58 59 60 61 62 63 64 1 2 3 4 5 6 7 8 9 10 11 12 13 14 15 16 17 18 19 20 21 22 23 24 25 26 27 28 29 30 31 32 33 34 35 36 37 38 39 40 41 42 43 44 45 46 47 48 49 50 51 52 53 54 55 56 57 58 59 60 61 62 63 64
1 2 3 4 5 6 7 8 9 10 11 12 13 14 15 16 17 18 19 20 21 22 23 24 25 26 27 28 29 30 31 32 33 34 35 36 37 38 39 40 41 42 43 44 45 46 47 48 49 50 51 52 53 54 55 56 57 58 59 60 61 62 63 64 1 2 3 4 5 6 7 8 9 10 11 12 13 14 15 16 17 18 19 20 21 22 23 24 25 26 27 28 29 30 31 32 33 34 35 36 37 38 39 40 41 42 43 44 45 46 47 48 49 50 51 52 53 54 55 56 57 58 59 60 61 62 63 64
1 2 3 4 5 6 7 8 9 10 11 12 13 14 15 16 17 18 19 20 21 22 23 24 25 26 27 28 29 30 31 32 33 34 35 36 37 38 39 40 41 42 43 44 45 46 47 48 49 50 51 52 53 54 55 56 57 58 59 60 61 62 63 64 1 2 3 4 5 6 7 8 9 10 11 12 13 14 15 16 17 18 19 20 21 22 23 24 25 26 27 28 29 30 31 32 33 34 35 36 37 38 39 40 41 42 43 44 45 46 47 48 49 50 51 52 53 54 55 56 57 58 59 60 61 62 63 64
1 2 3 4 5 6 7 8 9 10 11 12 13 14 15 16 17 18 19 20 21 22 23 24 25 26 27 28 29 30 31 32 33 34 35 36 37 38 39 40 41 42 43 44 45 46 47 48 49 50 51 52 53 54 55 56 57 58 59 60 61 62 63 64 1 2 3 4 5 6 7 8 9 10 11 12 13 14 15 16 17 18 19 20 21 22 23 24 25 26 27 28 29 30 31 32 33 34 35 36 37 38 39 40 41 42 43 44 45 46 47 48 49 50 51 52 53 54 55 56 57 58 59 60 61 62 63 64
1 2 3 4 5 6 7 8 9 10 11 12 13 14 15 16 17 18 19 20 21 22 23 24 25 26 27 28 29 30 31 32 33 34 35 36 37 38 39 40 41 42 43 44 45 46 47 48 49 50 51 52 53 54 55 56 57 58 59 60 61 62 63 64 1 2 3 4 5 6 7 8 9 10 11 12 13 14 15 16 17 18 19 20 21 22 23 24 25 26 27 28 29 30 31 32 33 34 35 36 37 38 39 40 41 42 43 44 45 46 47 48 49 50 51 52 53 54 55 56 57 58 59 60 61 62 63 64
1 2 3 4 5 6 7 8 9 10 11 12 13 14 15 16 17 18 19 20 21 22 23 24 25 26 27 28 29 30 31 32 33 34 35 36 37 38 39 40 41 42 43 44 45 46 47 48 49 50 51 52 53 54 55 56 57 58 59 60 61 62 63 64 1 2 3 4 5 6 7 8 9 10 11 12 13 14 15 16 17 18 19 20 21 22 23 24 25 26 27 28 29 30 31 32 33 34 35 36 37 38 39 40 41 42 43 44 45 46 47 48 49 50 51 52 53 54 55 56 57 58 59 60 61 62 63 64
1 2 3 4 5 6 7 8 9 10 11 12 13 14 15 16 17 18 19 20 21 22 23 24 25 26 27 28 29 30 31 32 33 34 35 36 37 38 39 40 41 42 43 44 45 46 47 48 49 50 51 52 53 54 55 56 57 58 59 60 61 62 63 64 1 2 3 4 5 6 7 8 9 10 11 12 13 14 15 16 17 18 19 20 21 22 23 24 25 26 27 28 29 30 31 32 33 34 35 36 37 38 39 40 41 42 43 44 45 46 47 48 49 50 51 52 53 54 55 56 57 58 59 60 61 62 63 64
1 2 3 4 5 6 7 8 9 10 11 12 13 14 15 16 17 18 19 20 21 22 23 24 25 26 27 28 29 30 31 32 33 34 35 36 37 38 39 40 41 42 43 44 45 46 47 48 49 50 51 52 53 54 55 56 57 58 59 60 61 62 63 64 1 2 3 4 5 6 7 8 9 10 11 12 13 14 15 16 17 18 19 20 21 22 23 24 25 26 27 28 29 30 31 32 33 34 35 36 37 38 39 40 41 42 43 44 45 46 47 48 49 50 51 52 53 54 55 56 57 58 59 60 61 62 63 64
1 2 3 4 5 6 7 8 9 10 11 12 13 14 15 16 17 18 19 20 21 22 23 24 25 26 27 28 29 30 31 32 33 34 35 36 37 38 39 40 41 42 43 44 45 46 47 48 49 50 51 52 53 54 55 56 57 58 59 60 61 62 63 64 1 2 3 4 5 6 7 8 9 10 11 12 13 14 15 16 17 18 19 20 21 22 23 24 25 26 27 28 29 30 31 32 33 34 35 36 37 38 39 40 41 42 43 44 45 46 47 48 49 50 51 52 53 54 55 56 57 58 59 60 61 62 63 64
1 2 3 4 5 6 7 8 9 10 11 12 13 14 15 16 17 18 19 20 21 22 23 24 25 26 27 28 29 30 31 32 33 34 35 36 37 38 39 40 41 42 43 44 45 46 47 48 49 50 51 52 53 54 55 56 57 58 59 60 61 62 63 64 1 2 3 4 5 6 7 8 9 10 11 12 13 14 15 16 17 18 19 20 21 22 23 24 25 26 27 28 29 30 31 32 33 34 35 36 37 38 39 40 41 42 43 44 45 46 47 48 49 50 51 52 53 54 55 56 57 58 59 60 61 62 63 64
1 2 3 4 5 6 7 8 9 10 11 12 13 14 15 16 17 18 19 20 21 22 23 24 25 26 27 28 29 30 31 32 33 34 35 36 37 38 39 40 41 42 43 44 45 46 47 48 49 50 51 52 53 54 55 56 57 58 59 60 61 62 63 64 1 2 3 4 5 6 7 8 9 10 11 12 13 14 15 16 17 18 19 20 21 22 23 24 25 26 27 28 29 30 31 32 33 34 35 36 37 38 39 40 41 42 43 44 45 46 47 48 49 50 51 52 53 54 55 56 57 58 59 60 61 62 63 64
1 2 3 4 5 6 7 8 9 10 11 12 13 14 15 16 17 18 19 20 21 22 23 24 25 26 27 28 29 30 31 32 33 34 35 36 37 38 39 40 41 42 43 44 45 46 47 48 49 50 51 52 53 54 55 56 57 58 59 60 61 62 63 64 1 2 3 4 5 6 7 8 9 10 11 12 13 14 15 16 17 18 19 20 21 22 23 24 25 26 27 28 29 30 31 32 33 34 35 36 37 38 39 40 41 42 43 44 45 46 47 48 49 50 51 52 53 54 55 56 57 58 59 60 61 62 63 64
1 2 3 4 5 6 7 8 9 10 11 12 13 14 15 16 17 18 19 20 21 22 23 24 25 26 27 28 29 30 31 32 33 34 35 36 37 38 39 40 41 42 43 44 45 46 47 48 49 50 51 52 53 54 55 56 57 58 59 60 61 62 63 64 1 2 3 4 5 6 7 8 9 10 11 12 13 14 15 16 17 18 19 20 21 22 23 24 25 26 27 28 29 30 31 32 33 34 35 36 37 38 39 40 41 42 43 44 45 46 47 48 49 50 51 52 53 54 55 56 57 58 59 60 61 62 63 64
1 2 3 4 5 6 7 8 9 10 11 12 13 14 15 16 17 18 19 20 21 22 23 24 25 26 27 28 29 30 31 32 33 34 35 36 37 38 39 40 41 42 43 44 45 46 47 48 49 50 51 52 53 54 55 56 57 58 59 60 61 62 63 64 1 2 3 4 5 6 7 8 9 10 11 12 13 14 15 16 17 18 19 20 21 22 23 24 25 26 27 28 29 30 31 32 33 34 35 36 37 38 39 40 41 42 43 44 45 46 47 48 49 50 51 52 53 54 55 56 57 58 59 60 61 62 63 64
1 2 3 4 5 6 7 8 9 10 11 12 13 14 15 16 17 18 19 20 21 22 23 24 25 26 27 28 29 30 31 32 33 34 35 36 37 38 39 40 41 42 43 44 45 46 47 48 49 50 51 52 53 54 55 56 57 58 59 60 61 62 63 64 1 2 3 4 5 6 7 8 9 10 11 12 13 14 15 16 17 18 19 20 21 22 23 24 25 26 27 28 29 30 31 32 33 34 35 36 37 38 39 40 41 42 43 44 45 46 47 48 49 50 51 52 53 54 55 56 57 58 59 60 61 62 63 64
1 2 3 4 5 6 7 8 9 10 11 12 13 14 15 16 17 18 19 20 21 22 23 24 25 26 27 28 29 30 31 32 33 34 35 36 37 38 39 40 41 42 43 44 45 46 47 48 49 50 51 52 53 54 55 56 57 58 59 60 61 62 63 64 1 2 3 4 5 6 7 8 9 10 11 12 13 14 15 16 17 18 19 20 21 22 23 24 25 26 27 28 29 30 31 32 33 34 35 36 37 38 39 40 41 42 43 44 45 46 47 48 49 50 51 52 53 54 55 56 57 58 59 60 61 62 63 64
1 2 3 4 5 6 7 8 9 10 11 12 13 14 15 16 17 18 19 20 21 22 23 24 25 26 27 28 29 30 31 32 33 34 35 36 37 38 39 40 41 42 43 44 45 46 47 48 49 50 51 52 53 54 55 56 57 58 59 60 61 62 63 64 1 2 3 4 5 6 7 8 9 10 11 12 13 14 15 16 17 18 19 20 21 22 23 24 25 26 27 28 29 30 31 32 33 34 35 36 37 38 39 40 41 42 43 44 45 46 47 48 49 50 51 52 53 54 55 56 57 58 59 60 61 62 63 64
1 2 3 4 5 6 7 8 9 10 11 12 13 14 15 16 17 18 19 20 21 22 23 24 25 26 27 28 29 30 31 32 33 34 35 36 37 38 39 40 41 42 43 44 45 46 47 48 49 50 51 52 53 54 55 56 57 58 59 60 61 62 63 64 1 2 3 4 5 6 7 8 9 10 11 12 13 14 15 16 17 18 19 20 21 22 23 24 25 26 27 28 29 30 31 32 33 34 35 36 37 38 39 40 41 42 43 44 45 46 47 48 49 50 51 52 53 54 55 56 57 58 59 60 61 62 63 64
1 2 3 4 5 6 7 8 9 10 11 12 13 14 15 16 17 18 19 20 21 22 23 24 25 26 27 28 29 30 31 32 33 34 35 36 37 38 39 40 41 42 43 44 45 46 47 48 49 50 51 52 53 54 55 56 57 58 59 60 61 62 63 64 1 2 3 4 5 6 7 8 9 10 11 12 13 14 15 16 17 18 19 20 21 22 23 24 25 26 27 28 29 30 31 32 33 34 35 36 37 38 39 40 41 42 43 44 45 46 47 48 49 50 51 52 53 54 55 56 57 58 59 60 61 62 63 64
1 2 3 4 5 6 7 8 9 10 11 12 13 14 15 16 17 18 19 20 21 22 23 24 25 26 27 28 29 30 31 32 33 34 35 36 37 38 39 40 41 42 43 44 45 46 47 48 49 50 51 52 53 54 55 56 57 58 59 60 61 62 63 64 1 2 3 4 5 6 7 8 9 10 11 12 13 14 15 16 17 18 19 20 21 22 23 24 25 26 27 28 29 30 31 32 33 34 35 36 37 38 39 40 41 42 43 44 45 46 47 48 49 50 51 52 53 54 55 56 57 58 59 60 61 62 63 64
1 2 3 4 5 6 7 8 9 10 11 12 13 14 15 16 17 18 19 20 21 22 23 24 25 26 27 28 29 30 31 32 33 34 35 36 37 38 39 40 41 42 43 44 45 46 47 48 49 50 51 52 53 54 55 56 57 58 59 60 61 62 63 64 1 2 3 4 5 6 7 8 9 10 11 12 13 14 15 16 17 18 19 20 21 22 23 24 25 26 27 28 29 30 31 32 33 34 35 36 37 38 39 40 41 42 43 44 45 46 47 48 49 50 51 52 53 54 55 56 57 58 59 60 61 62 63 64
1 2 3 4 5 6 7 8 9 10 11 12 13 14 15 16 17 18 19 20 21 22 23 24 25 26 27 28 29 30 31 32 33 34 35 36 37 38 39 40 41 42 43 44 45 46 47 48 49 50 51 52 53 54 55 56 57 58 59 60 61 62 63 64 1 2 3 4 5 6 7 8 9 10 11 12 13 14 15 16 17 18 19 20 21 22 23 24 25 26 27 28 29 30 31 32 33 34 35 36 37 38 39 40 41 42 43 44 45 46 47 48 49 50 51 52 53 54 55 56 57 58 59 60 61 62 63 64
1 2 3 4 5 6 7 8 9 10 11 12 13 14 15 16 17 18 19 20 21 22 23 24 25 26 27 28 29 30 31 32 33 34 35 36 37 38 39 40 41 42 43 44 45 46 47 48 49 50 51 52 53 54 55 56 57 58 59 60 61 62 63 64 1 2 3 4 5 6 7 8 9 10 11 12 13 14 15 16 17 18 19 20 21 22 23 24 25 26 27 28 29 30 31 32 33 34 35 36 37 38 39 40 41 42 43 44 45 46 47 48 49 50 51 52 53 54 55 56 57 58 59 60 61 62 63 64
1 2 3 4 5 6 7 8 9 10 11 12 13 14 15 16 17 18 19 20 21 22 23 24 25 26 27 28 29 30 31 32 33 34 35 36 37 38 39 40 41 42 43 44 45 46 47 48 49 50 51 52 53 54 55 56 57 58 59 60 61 62 63 64 1 2 3 4 5 6 7 8 9 10 11 12 13 14 15 16 17 18 19 20 21 22 23 24 25 26 27 28 29 30 31 32 33 34 35 36 37 38 39 40 41 42 43 44 45 46 47 48 49 50 51 52 53 54 55 56 57 58 59 60 61 62 63 64
1 2 3 4 5 6 7 8 9 10 11 12 13 14 15 16 17 18 19 20 21 22 23 24 25 26 27 28 29 30 31 32 33 34 35 36 37 38 39 40 41 42 43 44 45 46 47 48 49 50 51 52 53 54 55 56 57 58 59 60 61 62 63 64 1 2 3 4 5 6 7 8 9 10 11 12 13 14 15 16 17 18 19 20 21 22 23 24 25 26 27 28 29 30 31 32 33 34 35 36 37 38 39 40 41 42 43 44 45 46 47 48 49 50 51 52 53 54 55 56 57 58 59 60 61 62 63 64
1 2 3 4 5 6 7 8 9 10 11 12 13 14 15 16 17 18 19 20 21 22 23 24 25 26 27 28 29 30 31 32 33 34 35 36 37 38 39 40 41 42 43 44 45 46 47 48 49 50 51 52 53 54 55 56 57 58 59 60 61 62 63 64 1 2 3 4 5 6 7 8 9 10 11 12 13 14 15 16 17 18 19 20 21 22 23 24 25 26 27 28 29 30 31 32 33 34 35 36 37 38 39 40 41 42 43 44 45 46 47 48 49 50 51 52 53 54 55 56 57 58 59 60 61 62 63 64
1 2 3 4 5 6 7 8 9 10 11 12 13 14 15 16 17 18 19 20 21 22 23 24 25 26 27 28 29 30 31 32 33 34 35 36 37 38 39 40 41 42 43 44 45 46 47 48 49 50 51 52 53 54 55 56 57 58 59 60 61 62 63 64 1 2 3 4 5 6 7 8 9 10 11 12 13 14 15 16 17 18 19 20 21 22 23 24 25 26 27 28 29 30 31 32 33 34 35 36 37 38 39 40 41 42 43 44 45 46 47 48 49 50 51 52 53 54 55 56 57 58 59 60 61 62 63 64
1 2 3 4 5 6 7 8 9 10 11 12 13 14 15 16 17 18 19 20 21 22 23 24 25 26 27 28 29 30 31 32 33 34 35 36 37 38 39 40 41 42 43 44 45 46 47 48 49 50 51 52 53 54 55 56 57 58 59 60 61 62 63 64 1 2 3 4 5 6 7 8 9 10 11 12 13 14 15 16 17 18 19 20 21 22 23 24 25 26 27 28 29 30 31 32 33 34 35 36 37 38 39 40 41 42 43 44 45 46 47 48 49 50 51 52 53 54 55 56 57 58 59 60 61 62 63 64
1 2 3 4 5 6 7 8 9 10 11 12 13 14 15 16 17 18 19 20 21 22 23 24 25 26 27 28 29 30 31 32 33 34 35 36 37 38 39 40 41 42 43 44 45 46 47 48 49 50 51 52 53 54 55 56 57 58 59 60 61 62 63 64 1 2 3 4 5 6 7 8 9 10 11 12 13 14 15 16 17 18 19 20 21 22 23 24 25 26 27 28 29 30 31 32 33 34 35 36 37 38 39 40 41 42 43 44 45 46 47 48 49 50 51 52 53 54 55 56 57 58 59 60 61 62 63 64
1 2 3 4 5 6 7 8 9 10 11 12 13 14 15 16 17 18 19 20 21 22 23 24 25 26 27 28 29 30 31 32 33 34 35 36 37 38 39 40 41 42 43 44 45 46 47 48 49 50 51 52 53 54 55 56 57 58 59 60 61 62 63 64 1 2 3 4 5 6 7 8 9 10 11 12 13 14 15 16 17 18 19 20 21 22 23 24 25 26 27 28 29 30 31 32 33 34 35 36 37 38 39 40 41 42 43 44 45 46 47 48 49 50 51 52 53 54 55 56 57 58 59 60 61 62 63 64
1 2 3 4 5 6 7 8 9 10 11 12 13 14 15 16 17 18 19 20 21 22 23 24 25 26 27 28 29 30 31 32 33 34 35 36 37 38 39 40 41 42 43 44 45 46 47 48 49 50 51 52 53 54 55 56 57 58 59 60 61 62 63 64 1 2 3 4 5 6 7 8 9 10 11 12 13 14 15 16 17 18 19 20 21 22 23 24 25 26 27 28 29 30 31 32 33 34 35 36 37 38 39 40 41 42 43 44 45 46 47 48 49 50 51 52 53 54 55 56 57 58 59 60 61 62 63 64
1 2 3 4 5 6 7 8 9 10 11 12 13 14 15 16 17 18 19 20 21 22 23 24 25 26 27 28 29 30 31 32 33 34 35 36 37 38 39 40 41 42 43 44 45 46 47 48 49 50 51 52 53 54 55 56 57 58 59 60 61 62 63 64 1 2 3 4 5 6 7 8 9 10 11 12 13 14 15 16 17 18 19 20 21 22 23 24 25 26 27 28 29 30 31 32 33 34 35 36 37 38 39 40 41 42 43 44 45 46 47 48 49 50 51 52 53 54 55 56 57 58 59 60 61 62 63 64
1 2 3 4 5 6 7 8 9 10 11 12 13 14 15 16 17 18 19 20 21 22 23 24 25 26 27 28 29 30 31 32 33 34 35 36 37 38 39 40 41 42 43 44 45 46 47 48 49 50 51 52 53 54 55 56 57 58 59 60 61 62 63 64 1 2 3 4 5 6 7 8 9 10 11 12 13 14 15 16 17 18 19 20 21 22 23 24 25 26 27 28 29 30 31 32 33 34 35 36 37 38 39 40 41 42 43 44 45 46 47 48 49 50 51 52 53 54 55 56 57 58 59 60 61 62 63 64
1 2 3 4 5 6 7 8 9 10 11 12 13 14 15 16 17 18 19 20 21 22 23 24 25 26 27 28 29 30 31 32 33 34 35 36 37 38 39 40 41 42 43 44 45 46 47 48 49 50 51 52 53 54 55 56 57 58 59 60 61 62 63 64 1 2 3 4 5 6 7 8 9 10 11 12 13 14 15 16 17 18 19 20 21 22 23 24 25 26 27 28 29 30 31 32 33 34 35 36 37 38 39 40 41 42 43 44 45 46 47 48 49 50 51 52 53 54 55 56 57 58 59 60 61 62 63 64
1 2 3 4 5 6 7 8 9 10 11 12 13 14 15 16 17 18 19 20 21 22 23 24 25 26 27 28 29 30 31 32 33 34 35 36 37 38 39 40 41 42 43 44 45 46 47 48 49 50 51 52 53 54 55 56 57 58 59 60 61 62 63 64 1 2 3 4 5 6 7 8 9 10 11 12 13 14 15 16 17 18 19 20 21 22 23 24 25 26 27 28 29 30 31 32 33 34 35 36 37 38 39 40 41 42 43 44 45 46 47 48 49 50 51 52 53 54 55 56 57 58 59 60 61 62 63 64
1 2 3 4 5 6 7 8 9 10 11 12 13 14 15 16 17 18 19 20 21 22 23 24 25 26 27 28 29 30 31 32 33 34 35 36 37 38 39 40 41 42 43 44 45 46 47 48 49 50 51 52 53 54 55 56 57 58 59 60 61 62 63 64 1 2 3 4 5 6 7 8 9 10 11 12 13 14 15 16 17 18 19 20 21 22 23 24 25 26 27 28 29 30 31 32 33 34 35 36 37 38 39 40 41 42 43 44 45 46 47 48 49 50 51 52 53 54 55 56 57 58 59 60 61 62 63 64
1 2 3 4 5 6 7 8 9 10 11 12 13 14 15 16 17 18 19 20 21 22 23 24 25 26 27 28 29 30 31 32 33 34 35 36 37 38 39 40 41 42 43 44 45 46 47 48 49 50 51 52 53 54 55 56 57 58 59 60 61 62 63 64 1 2 3 4 5 6 7 8 9 10 11 12 13 14 15 16 17 18 19 20 21 22 23 24 25 26 27 28 29 30 31 32 33 34 35 36 37 38 39 40 41 42 43 44 45 46 47 48 49 50 51 52 53 54 55 56 57 58 59 60 61 62 63 64
1 2 3 4 5 6 7 8 9 10 11 12 13 14 15 16 17 18 19 20 21 22 23 24 25 26 27 28 29 30 31 32 33 34 35 36 37 38 39 40 41 42 43 44 45 46 47 48 49 50 51 52 53 54 55 56 57 58 59 60 61 62 63 64 1 2 3 4 5 6 7 8 9 10 11 12 13 14 15 16 17 18 19 20 21 22 23 24 25 26 27 28 29 30 31 32 33 34 35 36 37 38 39 40 41 42 43 44 45 46 47 48 49 50 51 52 53 54 55 56 57 58 59 60 61 62 63 64
1 2 3 4 5 6 7 8 9 10 11 12 13 14 15 16 17 18 19 20 21 22 23 24 25 26 27 28 29 30 31 32 33 34 35 36 37 38 39 40 41 42 43 44 45 46 47 48 49 50 51 52 53 54 55 56 57 58 59 60 61 62 63 64 1 2 3 4 5 6 7 8 9 10 11 12 13 14 15 16 17 18 19 20 21 22 23 24 25 26 27 28 29 30 31 32 33 34 35 36 37 38 39 40 41 42 43 44 45 46 47 48 49 50 51 52 53 54 55 56 57 58 59 60 61 62 63 64
1 2 3 4 5 6 7 8 9 10 11 12 13 14 15 16 17 18 19 20 21 22 23 24 25 26 27 28 29 30 31 32 33 34 35 36 37 38 39 40 41 42 43 44 45 46 47 48 49 50 51 52 53 54 55 56 57 58 59 60 61 62 63 64 1 2 3 4 5 6 7 8 9 10 11 12 13 14 15 16 17 18 19 20 21 22 23 24 25 26 27 28 29 30 31 32 33 34 35 36 37 38 39 40 41 42 43 44 45 46 47 48 49 50 51 52 53 54 55 56 57 58 59 60 61 62 63 64
1 2 3 4 5 6 7 8 9 10 11 12 13 14 15 16 17 18 19 20 21 22 23 24 25 26 27 28 29 30 31 32 33 34 35 36 37 38 39 40 41 42 43 44 45 46 47 48 49 50 51 52 53 54 55 56 57 58 59 60 61 62 63 64 1 2 3 4 5 6 7 8 9 10 11 12 13 14 15 16 17 18 19 20 21 22 23 24 25 26 27 28 29 30 31 32 33 34 35 36 37 38 39 40 41 42 43 44 45 46 47 48 49 50 51 52 53 54 55 56 57 58 59 60 61 62 63 64
1 2 3 4 5 6 7 8 9 10 11 12 13 14 15 16 17 18 19 20 21 22 23 24 25 26 27 28 29 30 31 32 33 34 35 36 37 38 39 40 41 42 43 44 45 46 47 48 49 50 51 52 53 54 55 56 57 58 59 60 61 62 63 64 1 2 3 4 5 6 7 8 9 10 11 12 13 14 15 16 17 18 19 20 21 22 23 24 25 26 27 28 29 30 31 32 33 34 35 36 37 38 39 40 41 42 43 44 45 46 47 48 49 50 51 52 53 54 55 56 57 58 59 60 61 62 63 64
1 2 3 4 5 6 7 8 9 10 11 12 13 14 15 16 17 18 19 20 21 22 23 24 25 26 27 28 29 30 31 32 33 34 35 36 37 38 39 40 41 42 43 44 45 46 47 48 49 50 51 52 53 54 55 56 57 58 59 60 61 62 63 64 1 2 3 4 5 6 7 8 9 10 11 12 13 14 15 16 17 18 19 20 21 22 23 24 25 26 27 28 29 30 31 32 33 34 35 36 37 38 39 40 41 42 43 44 45 46 47 48 49 50 51 52 53 54 55 56 57 58 59 60 61 62 63 64
1 2 3 4 5 6 7 8 9 10 11 12 13 14 15 16 17 18 19 20 21 22 23 24 25 26 27 28 29 30 31 32 33 34 35 36 37 38 39 40 41 42 43 44 45 46 47 48 49 50 51 52 53 54 55 56 57 58 59 60 61 62 63 64 1 2 3 4 5 6 7 8 9 10 11 12 13 14 15 16 17 18 19 20 21 22 23 24 25 26 27 28 29 30 31 32 33 34 35 36 37 38 39 40 41 42 43 44 45 46 47 48 49 50 51 52 53 54 55 56 57 58 59 60 61 62 63 64
1 2 3 4 5 6 7 8 9 10 11 12 13 14 15 16 17 18 19 20 21 22 23 24 25 26 27 28 29 30 31 32 33 34 35 36 37 38 39 40 41 42 43 44 45 46 47 48 49 50 51 52 53 54 55 56 57 58 59 60 61 62 63 64 1 2 3 4 5 6 7 8 9 10 11 12 13 14 15 16 17 18 19 20 21 22 23 24 25 26 27 28 29 30 31 32 33 34 35 36 37 38 39 40 41 42 43 44 45 46 47 48 49 50 51 52 53 54 55 56 57 58 59 60 61 62 63 64
1 2 3 4 5 6 7 8 9 10 11 12 13 14 15 16 17 18 19 20 21 22 23 24 25 26 27 28 29 30 31 32 33 34 35 36 37 38 39 40 41 42 43 44 45 46 47 48 49 50 51 52 53 54 55 56 57 58 59 60 61 62 63 64 1 2 3 4 5 6 7 8 9 10 11 12 13 14 15 16 17 18 19 20 21 22 23 24 25 26 27 28 29 30 31 32 33 34 35 36 37 38 39 40 41 42 43 44 45 46 47 48 49 50 51 52 53 54 55 56 57 58 59 60 61 62 63 64
1 2 3 4 5 6 7 8 9 10 11 12 13 14 15 16 17 18 19 20 21 22 23 24 25 26 27 28 29 30 31 32 33 34 35 36 37 38 39 40 41 42 43 44 45 46 47 48 49 50 51 52 53 54 55 56 57 58 59 60 61 62 63 64 1 2 3 4 5 6 7 8 9 10 11 12 13 14 15 16 17 18 19 20 21 22 23 24 25 26 27 28 29 30 31 32 33 34 35 36 37 38 39 40 41 42 43 44 45 46 47 48 49 50 51 52 53 54 55 56 57 58 59 60 61 62 63 64
1 2 3 4 5 6 7 8 9 10 11 12 13 14 15 16 17 18 19 20 21 22 23 24 25 26 27 28 29 30 31 32 33 34 35 36 37 38 39 40 41 42 43 44 45 46 47 48 49 50 51 52 53 54 55 56 57 58 59 60 61 62 63 64 1 2 3 4 5 6 7 8 9 10 11 12 13 14 15 16 17 18 19 20 21 22 23 24 25 26 27 28 29 30 31 32 33 34 35 36 37 38 39 40 41 42 43 44 45 46 47 48 49 50 51 52 53 54 55 56 57 58 59 60 61 62 63 64
1 2 3 4 5 6 7 8 9 10 11 12 13 14 15 16 17 18 19 20 21 22 23 24 25 26 27 28 29 30 31 32 33 34 35 36 37 38 39 40 41 42 43 44 45 46 47 48 49 50 51 52 53 54 55 56 57 58 59 60 61 62 63 64 1 2 3 4 5 6 7 8 9 10 11 12 13 14 15 16 17 18 19 20 21 22 23 24 25 26 27 28 29 30 31 32 33 34 35 36 37 38 39 40 41 42 43 44 45 46 47 48 49 50 51 52 53 54 55 56 57 58 59 60 61 62 63 64
1 2 3 4 5 6 7 8 9 10 11 12 13 14 15 16 17 18 19 20 21 22 23 24 25 26 27 28 29 30 31 32 33 34 35 36 37 38 39 40 41 42 43 44 45 46 47 48 49 50 51 52 53 54 55 56 57 58 59 60 61 62 63 64 1 2 3 4 5 6 7 8 9 10 11 12 13 14 15 16 17 18 19 20 21 22 23 24 25 26 27 28 29 30 31 32 33 34 35 36 37 38 39 40 41 42 43 44 45 46 47 48 49 50 51 52 53 54 55 56 57 58 59 60 61 62 63 64
1 2 3 4 5 6 7 8 9 10 11 12 13 14 15 16 17 18 19 20 21 22 23 24 25 26 27 28 29 30 31 32 33 34 35 36 37 38 39 40 41 42 43 44 45 46 47 48 49 50 51 52 53 54 55 56 57 58 59 60 61 62 63 64 1 2 3 4 5 6 7 8 9 10 11 12 13 14 15 16 17 18 19 20 21 22 23 24 25 26 27 28 29 30 31 32 33 34 35 36 37 38 39 40 41 42 43 44 45 46 47 48 49 50 51 52 53 54 55 56 57 58 59 60 61 62 63 64
1 2 3 4 5 6 7 8 9 10 11 12 13 14 15 16 17 18 19 20 21 22 23 24 25 26 27 28 29 30 31 32 33 34 35 36 37 38 39 40 41 42 43 44 45 46 47 48 49 50 51 52 53 54 55 56 57 58 59 60 61 62 63 64 1 2 3 4 5 6 7 8 9 10 11 12 13 14 15 16 17 18 19 20 21 22 23 24 25 26 27 28 29 30 31 32 33 34 35 36 37 38 39 40 41 42 43 44 45 46 47 48 49 50 51 52 53 54 55 56 57 58 59 60 61 62 63 64
1 2 3 4 5 6 7 8 9 10 11 12 13 14 15 16 17 18 19 20 21 22 23 24 25 26 27 28 29 30 31 32 33 34 35 36 37 38 39 40 41 42 43 44 45 46 47 48 49 50 51 52 53 54 55 56 57 58 59 60 61 62 63 64 1 2 3 4 5 6 7 8 9 10 11 12 13 14 15 16 17 18 19 20 21 22 23 24 25 26 27 28 29 30 31 32 33 34 35 36 37 38 39 40 41 42 43 44 45 46 47 48 49 50 51 52 53 54 55 56 57 58 59 60 61 62 63 64
1 2 3 4 5 6 7 8 9 10 11 12 13 14 15 16 17 18 19 20 21 22 23 24 25 26 27 28 29 30 31 32 33 34 35 36 37 38 39 40 41 42 43 44 45 46 47 48 49 50 51 52 53 54 55 56 57 58 59 60 61 62 63 64 1 2 3 4 5 6 7 8 9 10 11 12 13 14 15 16 17 18 19 20 21 22 23 24 25 26 27 28 29 30 31 32 33 34 35 36 37 38 39 40 41 42 43 44 45 46 47 48 49 50 51 52 53 54 55 56 57 58 59 60 61 62 63 64
1 2 3 4 5 6 7 8 9 10 11 12 13 14 15 16 17 18 19 20 21 22 23 24 25 26 27 28 29 30 31 32 33 34 35 36 37 38 39 40 41 42 43 44 45 46 47 48 49 50 51 52 53 54 55 56 57 58 59 60 61 62 63 64 1 2 3 4 5 6 7 8 9 10 11 12 13 14 15 16 17 18 19 20 21 22 23 24 25 26 27 28 29 30 31 32 33 34 35 36 37 38 39 40 41 42 43 44 45 46 47 48 49 50 51 52 53 54 55 56 57 58 59 60 61 62 63 64
1 2 3 4 5 6 7 8 9 10 11 12 13 14 15 16 17 18 19 20 21 22 23 24 25 26 27 28 29 30 31 32 33 34 35 36 37 38 39 40 41 42 43 44 45 46 47 48 49 50 51 52 53 54 55 56 57 58 59 60 61 62 63 64 1 2 3 4 5 6 7 8 9 10 11 12 13 14 15 16 17 18 19 20 21 22 23 24 25 26 27 28 29 30 31 32 33 34 35 36 37 38 39 40 41 42 43 44 45 46 47 48 49 50 51 52 53 54 55 56 57 58 59 60 61 62 63 64
1 2 3 4 5 6 7 8 9 10 11 12 13 14 15 16 17 18 19 20 21 22 23 24 25 26 27 28 29 30 31 32 33 34 35 36 37 38 39 40 41 42 43 44 45 46 47 48 49 50 51 52 53 54 55 56 57 58 59 60 61 62 63 64 1 2 3 4 5 6 7 8 9 10 11 12 13 14 15 16 17 18 19 20 21 22 23 24 25 26 27 28 29 30 31 32 33 34 35 36 37 38 39 40 41 42 43 44 45 46 47 48 49 50 51 52 53 54 55 56 57 58 59 60 61 62 63 64
1 2 3 4 5 6 7 8 9 10 11 12 13 14 15 16 17 18 19 20 21 22 23 24 25 26 27 28 29 30 31 32 33 34 35 36 37 38 39 40 41 42 43 44 45 46 47 48 49 50 51 52 53 54 55 56 57 58 59 60 61 62 63 64 1 2 3 4 5 6 7 8 9 10 11 12 13 14 15 16 17 18 19 20 21 22 23 24 25 26 27 28 29 30 31 32 33 34 35 36 37 38 39 40 41 42 43 44 45 46 47 48 49 50 51 52 53 54 55 56 57 58 59 60 61 62 63 64
1 2 3 4 5 6 7 8 9 10 11 12 13 14 15 16 17 18 19 20 21 22 23 24 25 26 27 28 29 30 31 32 33 34 35 36 37 38 39 40 41 42 43 44 45 46 47 48 49 50 51 52 53 54 55 56 57 58 59 60 61 62 63 64 1 2 3 4 5 6 7 8 9 10 11 12 13 14 15 16 17 18 19 20 21 22 23 24 25 26 27 28 29 30 31 32 33 34 35 36 37 38 39 40 41 42 43 44 45 46 47 48 49 50 51 52 53 54 55 56 57 58 59 60 61 62 63 64
1 2 3 4 5 6 7 8 9 10 11 12 13 14 15 16 17 18 19 20 21 22 23 24 25 26 27 28 29 30 31 32 33 34 35 36 37 38 39 40 41 42 43 44 45 46 47 48 49 50 51 52 53 54 55 56 57 58 59 60 61 62 63 64 1 2 3 4 5 6 7 8 9 10 11 12 13 14 15 16 17 18 19 20 21 22 23 24 25 26 27 28 29 30 31 32 33 34 35 36 37 38 39 40 41 42 43 44 45 46 47 48 49 50 51 52 53 54 55 56 57 58 59 60 61 62 63 64
1 2 3 4 5 6 7 8 9 10 11 12 13 14 15 16 17 18 19 20 21 22 23 24 25 26 27 28 29 30 31 32 33 34 35 36 37 38 39 40 41 42 43 44 45 46 47 48 49 50 51 52 53 54 55 56 57 58 59 60 61 62 63 64 1 2 3 4 5 6 7 8 9 10 11 12 13 14 15 16 17 18 19 20 21 22 23 24 25 26 27 28 29 30 31 32 33 34 35 36 37 38 39 40 41 42 43 44 45 46 47 48 49 50 51 52 53 54 55 56 57 58 59 60 61 62 63 64
1 2 3 4 5 6 7 8 9 10 11 12 13 14 15 16 17 18 19 20 21 22 23 24 25 26 27 28 29 30 31 32 33 34 35 36 37 38 39 40 41 42 43 44 45 46 47 48 49 50 51 52 53 54 55 56 57 58 59 60 61 62 63 64 1 2 3 4 5 6 7 8 9 10 11 12 13 14 15 16 17 18 19 20 21 22 23 24 25 26 27 28 29 30 31 32 33 34 35 36 37 38 39 40 41 42 43 44 45 46 47 48 49 50 51 52 53 54 55 56 57 58 59 60 61 62 63 64
1 2 3 4 5 6 7 8 9 10 11 12 13 14 15 16 17 18 19 20 21 22 23 24 25 26 27 28 29 30 31 32 33 34 35 36 37 38 39 40 41 42 43 44 45 46 47 48 49 50 51 52 53 54 55 56 57 58 59 60 61 62 63 64 1 2 3 4 5 6 7 8 9 10 11 12 13 14 15 16 17 18 19 20 21 22 23 24 25 26 27 28 29 30 31 32 33 34 35 36 37 38 39 40 41 42 43 44 45 46 47 48 49 50 51 52 53 54 55 56 57 58 59 60 61 62 63 64
1 2 3 4 5 6 7 8 9 10 11 12 13 14 15 16 17 18 19 20 21 22 23 24 25 26 27 28 29 30 31 32 33 34 35 36 37 38 39 40 41 42 43 44 45 46 47 48 49 50 51 52 53 54 55 56 57 58 59 60 61 62 63 64 1 2 3 4 5 6 7 8 9 10 11 12 13 14 15 16 17 18 19 20 21 22 23 24 25 26 27 28 29 30 31 32 33 34 35 36 37 38 39 40 41 42 43 44 45 46 47 48 49 50 51 52 53 54 55 56 57 58 59 60 61 62 63 64
1 2 3 4 5 6 7 8 9 10 11 12 13 14 15 16 17 18 19 20 21 22 23 24 25 26 27 28 29 30 31 32 33 34 35 36 37 38 39 40 41 42 43 44 45 46 47 48 49 50 51 52 53 54 55 56 57 58 59 60 61 62 63 64 1 2 3 4 5 6 7 8 9 10 11 12 13 14 15 16 17 18 19 20 21 22 23 24 25 26 27 28 29 30 31 32 33 34 35 36 37 38 39 40 41 42 43 44 45 46 47 48 49 50 51 52 53 54 55 56 57 58 59 60 61 62 63 64
1 2 3 4 5 6 7 8 9 10 11 12 13 14 15 16 17 18 19 20 21 22 23 24 25 26 27 28 29 30 31 32 33 34 35 36 37 38 39 40 41 42 43 44 45 46 47 48 49 50 51 52 53 54 55 56 57 58 59 60 61 62 63 64 1 2 3 4 5 6 7 8 9 10 11 12 13 14 15 16 17 18 19 20 21 22 23 24 25 26 27 28 29 30 31 32 33 34 35 36 37 38 39 40 41 42 43 44 45 46 47 48 49 50 51 52 53 54 55 56 57 58 59 60 61 62 63 64
1 2 3 4 5 6 7 8 9 10 11 12 13 14 15 16 17 18 19 20 21 22 23 24 25 26 27 28 29 30 31 32 33 34 35 36 37 38 39 40 41 42 43 44 45 46 47 48 49 50 51 52 53 54 55 56 57 58 59 60 61 62 63 64 1 2 3 4 5 6 7 8 9 10 11 12 13 14 15 16 17 18 19 20 21 22 23 24 25 26 27 28 29 30 31 32 33 34 35 36 37 38 39 40 41 42 43 44 45 46 47 48 49 50 51 52 53 54 55 56 57 58 59 60 61 62 63 64
1 2 3 4 5 6 7 8 9 10 11 12 13 14 15 16 17 18 19 20 21 22 23 24 25 26 27 28 29 30 31 32 33 34 35 36 37 38 39 40 41 42 43 44 45 46 47 48 49 50 51 52 53 54 55 56 57 58 59 60 61 62 63 64 1 2 3 4 5 6 7 8 9 10 11 12 13 14 15 16 17 18 19 20 21 22 23 24 25 26 27 28 29 30 31 32 33 34 35 36 37 38 39 40 41 42 43 44 45 46 47 48 49 50 51 52 53 54 55 56 57 58 59 60 61 62 63 64
1 2 3 4 5 6 7 8 9 10 11 12 13 14 15 16 17 18 19 20 21 22 23 24 25 26 27 28 29 30 31 32 33 34 35 36 37 38 39 40 41 42 43 44 45 46 47 48 49 50 51 52 53 54 55 56 57 58 59 60 61 62 63 64 1 2 3 4 5 6 7 8 9 10 11 12 13 14 15 16 17 18 19 20 21 22 23 24 25 26 27 28 29 30 31 32 33 34 35 36 37 38 39 40 41 42 43 44 45 46 47 48 49 50 51 52 53 54 55 56 57 58 59 60 61 62 63 64
1 2 3 4 5 6 7 8 9 10 11 12 13 14 15 16 17 18 19 20 21 22 23 24 25 26 27 28 29 30 31 32 33 34 35 36 37 38 39 40 41 42 43 44 45 46 47 48 49 50 51 52 53 54 55 56 57 58 59 60 61 62 63 64 1 2 3 4 5 6 7 8 9 10 11 12 13 14 15 16 17 18 19 20 21 22 23 24 25 26 27 28 29 30 31 32 33 34 35 36 37 38 39 40 41 42 43 44 45 46 47 48 49 50 51 52 53 54 55 56 57 58 59 60 61 62 63 64
1 2 3 4 5 6 7 8 9 10 11 12 13 14 15 16 17 18 19 20 21 22 23 24 25 26 27 28 29 30 31 32 33 34 35 36 37 38 39 40 41 42 43 44 45 46 47 48 49 50 51 52 53 54 55 56 57 58 59 60 61 62 63 64 1 2 3 4 5 6 7 8 9 10 11 12 13 14 15 16 17 18 19 20 21 22 23 24 25 26 27 28 29 30 31 32 33 34 35 36 37 38 39 40 41 42 43 44 45 46 47 48 49 50 51 52 53 54 55 56 57 58 59 60 61 62 63 64
1 2 3 4 5 6 7 8 9 10 11 12 13 14 15 16 17 18 19 20 21 22 23 24 25 26 27 28 29 30 31 32 33 34 35 36 37 38 39 40 41 42 43 44 45 46 47 48 49 50 51 52 53 54 55 56 57 58 59 60 61 62 63 64 1 2 3 4 5 6 7 8 9 10 11 12 13 14 15 16 17 18 19 20 21 22 23 24 25 26 27 28 29 30 31 32 33 34 35 36 37 38 39 40 41 42 43 44 45 46 47 48 49 50 51 52 53 54 55 56 57 58 59 60 61 62 63 64
1 2 3 4 5 6 7 8 9 10 11 12 13 14 15 16 17 18 19 20 21 22 23 24 25 26 27 28 29 30 31 32 33 34 35 36 37 38 39 40 41 42 43 44 45 46 47 48 49 50 51 52 53 54 55 56 57 58 59 60 61 62 63 64 1 2 3 4 5 6 7 8 9 10 11 12 13 14 15 16 17 18 19 20 21 22 23 24 25 26 27 28 29 30 31 32 33 34 35 36 37 38 39 40 41 42 43 44 45 46 47 48 49 50 51 52 53 54 55 56 57 58 59 60 61 62 63 64
1 2 3 4 5 6 7 8 9 10 11 12 13 14 15 16 17 18 19 20 21 22 23 24 25 26 27 28 29 30 31 32 33 34 35 36 37 38 39 40 41 42 43 44 45 46 47 48 49 50 51 52 53 54 55 56 57 58 59 60 61 62 63 64 1 2 3 4 5 6 7 8 9 10 11 12 13 14 15 16 17 18 19 20 21 22 23 24 25 26 27 28 29 30 31 32 33 34 35 36 37 38 39 40 41 42 43 44 45 46 47 48 49 50 51 52 53 54 55 56 57 58 59 60 61 62 63 64
1 2 3 4 5 6 7 8 9 10 11 12 13 14 15 16 17 18 19 20 21 22 23 24 25 26 27 28 29 30 31 32 33 34 35 36 37 38 39 40 41 42 43 44 45 46 47 48 49 50 51 52 53 54 55 56 57 58 59 60 61 62 63 64 1 2 3 4 5 6 7 8 9 10 11 12 13 14 15 16 17 18 19 20 21 22 23 24 25 26 27 28 29 30 31 32 33 34 35 36 37 38 39 40 41 42 43 44 45 46 47 48 49 50 51 52 53 54 55 56 57 58 59 60 61 62 63 64
1 2 3 4 5 6 7 8 9 10 11 12 13 14 15 16 17 18 19 20 21 22 23 24 25 26 27 28 29 30 31 32 33 34 35 36 37 38 39 40 41 42 43 44 45 46 47 48 49 50 51 52 53 54 55 56 57 58 59 60 61 62 63 64 1 2 3 4 5 6 7 8 9 10 11 12 13 14 15 16 17 18 19 20 21 22 23 24 25 26 27 28 29 30 31 32 33 34 35 36 37 38 39 40 41 42 43 44 45 46 47 48 49 50 51 52 53 54 55 56 57 58 59 60 61 62 63 64
1 2 3 4 5 6 7 8 9 10 11 12 13 14 15 16 17 18 19 20 21 22 23 24 25 26 27 28 29 30 31 32 33 34 35 36 37 38 39 40 41 42 43 44 45 46 47 48 49 50 51 52 53 54 55 56 57 58 59 60 61 62 63 64 1 2 3 4 5 6 7 8 9 10 11 12 13 14 15 16 17 18 19 20 21 22 23 24 25 26 27 28 29 30 31 32 33 34 35 36 37 38 39 40 41 42 43 44 45 46 47 48 49 50 51 52 53 54 55 56 57 58 59 60 61 62 63 64
1 2 3 4 5 6 7 8 9 10 11 12 13 14 15 16 17 18 19 20 21 22 23 24 25 26 27 28 29 30 31 32 33 34 35 36 37 38 39 40 41 42 43 44 45 46 47 48 49 50 51 52 53 54 55 56 57 58 59 60 61 62 63 64 1 2 3 4 5 6 7 8 9 10 11 12 13 14 15 16 17 18 19 20 21 22 23 24 25 26 27 28 29 30 31 32 33 34 35 36 37 38 39 40 41 42 43 44 45 46 47 48 49 50 51 52 53 54 55 56 57 58 59 60 61 62 63 64
1 2 3 4 5 6 7 8 9 10 11 12 13 14 15 16 17 18 19 20 21 22 23 24 25 26 27 28 29 30 31 32 33 34 35 36 37 38 39 40 41 42 43 44 45 46 47 48 49 50 51 52 53 54 55 56 57 58 59 60 61 62 63 64 1 2 3 4 5 6 7 8 9 10 11 12 13 14 15 16 17 18 19 20 21 22 23 24 25 26 27 28 29 30 31 32 33 34 35 36 37 38 39 40 41 42 43 44 45 46 47 48 49 50 51 52 53 54 55 56 57 58 59 60 61 62 63 64
1 2 3 4 5 6 7 8 9 10 11 12 13 14 15 16 17 18 19 20 21 22 23 24 25 26 27 28 29 30 31 32 33 34 35 36 37 38 39 40 41 42 43 44 45 46 47 48 49 50 51 52 53 54 55 56 57 58 59 60 61 62 63 64 1 2 3 4 5 6 7 8 9 10 11 12 13 14 15 16 17 18 19 20 21 22 23 24 25 26 27 28 29 30 31 32 33 34 35 36 37 38 39 40 41 42 43 44 45 46 47 48 49 50 51 52 53 54 55 56 57 58 59 60 61 62 63 64
1 2 3 4 5 6 7 8 9 10 11 12 13 14 15 16 17 18 19 20 21 22 23 24 25 26 27 28 29 30 31 32 33 34 35 36 37 38 39 40 41 42 43 44 45 46 47 48 49 50 51 52 53 54 55 56 57 58 59 60 61 62 63 64 1 2 3 4 5 6 7 8 9 10 11 12 13 14 15 16 17 18 19 20 21 22 23 24 25 26 27 28 29 30 31 32 33 34 35 36 37 38 39 40 41 42 43 44 45 46 47 48 49 50 51 52 53 54 55 56 57 58 59 60 61 62 63 64
1 2 3 4 5 6 7 8 9 10 11 12 13 14 15 16 17 18 19 20 21 22 23 24 25 26 27 28 29 30 31 32 33 34 35 36 37 38 39 40 41 42 43 44 45 46 47 48 49 50 51 52 53 54 55 56 57 58 59 60 61 62 63 64 1 2 3 4 5 6 7 8 9 10 11 12 13 14 15 16 17 18 19 20 21 22 23 24 25 26 27 28 29 30 31 32 33 34 35 36 37 38 39 40 41 42 43 44 45 46 47 48 49 50 51 52 53 54 55 56 57 58 59 60 61 62 63 64
1 2 3 4 5 6 7 8 9 10 11 12 13 14 15 16 17 18 19 20 21 22 23 24 25 26 27 28 29 30 31 32 33 34 35 36 37 38 39 40 41 42 43 44 45 46 47 48 49 50 51 52 53 54 55 56 57 58 59 60 61 62 63 64 1 2 3 4 5 6 7 8 9 10 11 12 13 14 15 16 17 18 19 20 21 22 23 24 25 26 27 28 29 30 31 32 33 34 35 36 37 38 39 40 41 42 43 44 45 46 47 48 49 50 51 52 53 54 55 56 57 58 59 60 61 62 63 64
1 2 3 4 5 6 7 8 9 10 11 12 13 14 15 16 17 18 19 20 21 22 23 24 25 26 27 28 29 30 31 32 33 34 35 36 37 38 39 40 41 42 43 44 45 46 47 48 49 50 51 52 53 54 55 56 57 58 59 60 61 62 63 64 1 2 3 4 5 6 7 8 9 10 11 12 13 14 15 16 17 18 19 20 21 22 23 24 25 26 27 28 29 30 31 32 33 34 35 36 37 38 39 40 41 42 43 44 45 46 47 48 49 50 51 52 53 54 55 56 57 58 59 60 61 62 63 64
1 2 3 4 5 6 7 8 9 10 11 12 13 14 15 16 17 18 19 20 21 22 23 24 25 26 27 28 29 30 31 32 33 34 35 36 37 38 39 40 41 42 43 44 45 46 47 48 49 50 51 52 53 54 55 56 57 58 59 60 61 62 63 64 1 2 3 4 5 6 7 8 9 10 11 12 13 14 15 16 17 18 19 20 21 22 23 24 25 26 27 28 29 30 31 32 33 34 35 36 37 38 39 40 41 42 43 44 45 46 47 48 49 50 51 52 53 54 55 56 57 58 59 60 61 62 63 64
1 2 3 4 5 6 7 8 9 10 11 12 13 14 15 16 17 18 19 20 21 22 23 24 25 26 27 28 29 30 31 32 33 34 35 36 37 38 39 40 41 42 43 44 45 46 47 48 49 50 51 52 53 54 55 56 57 58 59 60 61 62 63 64 1 2 3 4 5 6 7 8 9 10 11 12 13 14 15 16 17 18 19 20 21 22 23 24 25 26 27 28 29 30 31 32 33 34 35 36 37 38 39 40 41 42 43 44 45 46 47 48 49 50 51 52 53 54 55 56 57 58 59 60 61 62 63 64
1 2 3 4 5 6 7 8 9 10 11 12 13 14 15 16 17 18 19 20 21 22 23 24 25 26 27 28 29 30 31 32 33 34 35 36 37 38 39 40 41 42 43 44 45 46 47 48 49 50 51 52 53 54 55 56 57 58 59 60 61 62 63 64 1 2 3 4 5 6 7 8 9 10 11 12 13 14 15 16 17 18 19 20 21 22 23 24 25 26 27 28 29 30 31 32 33 34 35 36 37 38 39 40 41 42 43 44 45 46 47 48 49 50 51 52 53 54 55 56 57 58 59 60 61 62 63 64
1 2 3 4 5 6 7 8 9 10 11 12 13 14 15 16 17 18 19 20 21 22 23 24 25 26 27 28 29 30 31 32 33 34 35 36 37 38 39 40 41 42 43 44 45 46 47 48 49 50 51 52 53 54 55 56 57 58 59 60 61 62 63 64 1 2 3 4 5 6 7 8 9 10 11 12 13 14 15 16 17 18 19 20 21 22 23 24 25 26 27 28 29 30 31 32 33 34 35 36 37 38 39 40 41 42 43 44 45 46 47 48 49 50 51 52 53 54 55 56 57 58 59 60 61 62 63 64
1 2 3 4 5 6 7 8 9 10 11 12 13 14 15 16 17 18 19 20 21 22 23 24 25 26 27 28 29 30 31 32 33 34 35 36 37 38 39 40 41 42 43 44 45 46 47 48 49 50 51 52 53 54 55 56 57 58 59 60 61 62 63 64 1 2 3 4 5 6 7 8 9 10 11 12 13 14 15 16 17 18 19 20 21 22 23 24 25 26 27 28 29 30 31 32 33 34 35 36 37 38 39 40 41 42 43 44 45 46 47 48 49 50 51 52 53 54 55 56 57 58 59 60 61 62 63 64
1 2 3 4 5 6 7 8 9 10 11 12 13 14 15 16 17 18 19 20 21 22 23 24 25 26 27 28 29 30 31 32 33 34 35 36 37 38 39 40 41 42 43 44 45 46 47 48 49 50 51 52 53 54 55 56 57 58 59 60 61 62 63 64 1 2 3 4 5 6 7 8 9 10 11 12 13 14 15 16 17 18 19 20 21 22 23 24 25 26 27 28 29 30 31 32 33 34 35 36 37 38 39 40 41 42 43 44 45 46 47 48 49 50 51 52 53 54 55 56 57 58 59 60 61 62 63 64
1 2 3 4 5 6 7 8 9 10 11 12 13 14 15 16 17 18 19 20 21 22 23 24 25 26 27 28 29 30 31 32 33 34 35 36 37 38 39 40 41 42 43 44 45 46 47 48 49 50 51 52 53 54 55 56 57 58 59 60 61 62 63 64 1 2 3 4 5 6 7 8 9 10 11 12 13 14 15 16 17 18 19 20 21 22 23 24 25 26 27 28 29 30 31 32 33 34 35 36 37 38 39 40 41 42 43 44 45 46 47 48 49 50 51 52 53 54 55 56 57 58 59 60 61 62 63 64
1 2 3 4 5 6 7 8 9 10 11 12 13 14 15 16 17 18 19 20 21 22 23 24 25 26 27 28 29 30 31 32 33 34 35 36 37 38 39 40 41 42 43 44 45 46 47 48 49 50 51 52 53 54 55 56 57 58 59 60 61 62 63 64 1 2 3 4 5 6 7 8 9 10 11 12 13 14 15 16 17 18 19 20 21 22 23 24 25 26 27 28 29 30 31 32 33 34 35 36 37 38 39 40 41 42 43 44 45 46 47 48 49 50 51 52 53 54 55 56 57 58 59 60 61 62 63 64
1 2 3 4 5 6 7 8 9 10 11 12 13 14 15 16 17 18 19 20 21 22 23 24 25 26 27 28 29 30 31 32 33 34 35 36 37 38 39 40 41 42 43 44 45 46 47 48 49 50 51 52 53 54 55 56 57 58 59 60 61 62 63 64 1 2 3 4 5 6 7 8 9 10 11 12 13 14 15 16 17 18 19 20 21 22 23 24 25 26 27 28 29 30 31 32 33 34 35 36 37 38 39 40 41 42 43 44 45 46 47 48 49 50 51 52 53 54 55 56 57 58 59 60 61 62 63 64
128 128
112 92 76 113 99 117 89 13 2 115 13 28 68 94 81 60 13 56 128 28 102 93 127 112 97 78 36 50 37 22 111 110 118 32 59 34 18 43 62 87 42 82 74 79 50 99 10 9 46 116 101 103 52 41 25 6 70 105 82 49 91 88 62 55 61 59 93 52 90 44 23 85 90 125 99 2 68 59 77 12 49 126 38 70 24 57 92 5 13 118 119 13 84 40 20 29 117 86 73 13 10 14 24 38 65 50 18 68 1 64 5 8 69 44 42 96 126 121 119 65 12 24 72 71 41 83 65 42
11 72 67 82 7 115 73 80 126 112 91 38 44 6 75 45 102 59 99 83 62 110 64 94 98 119 124 121 104 15 86 80 57 75 31 98 104 26 95 110 59 75 101 34 106 15 59 67 22 2 30 60 90 22 14 76 40 23 47 51 97 77 36 83 79 91 97 39 116 22 73 126 70 36 81 62 118 0 67 36 70 114 69 28 104 39 114 112 82 87 11 98 124 33 125 120 72 10 78 5 82 48 78 80 105 115 18 31 28 119 91 30 77 24 0 7 108 41 101 36 49 117 6 102 83 74 119 110
125 95 117 71 43 112 34 67 9 23 20 113 87 40 67 74 3 88 42 37 44 23 12 86 5 32 48 24 12 31 29 11 74 86 71 123 117 50 112 58 126 30 7 75 62 48 105 121 76 122 2 62 115 92 58 57 7 53 43 67 107 12 51 37 86 36 14 50 56 65 91 76 36 85 96 72 8 22 79 94 91 68 117 98 14 28 95 128 84 87 63 112 105 92 94 86 109 58 127 24 56 40 30 49 103 118 68 65 111 7 91 37 1 56 9 110 38 62 83 114 118 116 122 0 39 21 42 114
42 123 32 93 17 43 67 91 48 84 67 92 88 38 25 119 6 12 57 82 21 54 103 88 104 125 45 86 78 46 27 72 9 125 1 79 24 80 84 80 48 79 110 26 78 11 47 70 114 118 19 91 2 60 63 51 10 3 72 107 11 57 122 127 40 116 46 34 63 110 8 65 76 102 51 28 23 5 23 66 47 6 85 10 26 70 47 66 86 6 0 10 117 27 95 47 63 30 40 41 92 98 123 114 88 22 58 70 120 36 17 98 53 100 64 82 102 8 107 19 8 28 48 103 96 122 5 79
125 95 117 71 43 112 34 67 9 23 20 113 87 40 67 74 3 88 42 37 44 23 12 86 5 32 48 24 12 31 29 11 74 86 71 123 117 50 112 58 126 30 7 75 62 48 105 121 76 122 2 62 115 92 58 57 7 53 43 67 107 12 51 37 86 36 14 50 56 65 91 76 36 85 96 72 8 22 79 94 91 68 117 98 14 28 95 128 84 87 63 112 105 92 94 86 109 58 127 24 56 40 30 49 103 118 68 65 111 7 91 37 1 56 9 110 38 62 83 114 118 116 122 0 39 21 42 114
42 123 32 93 17 43 67 91 48 84 67 92 88 38 25 119 6 12 57 82 21 54 103 88 104 125 45 86 78 46 27 72 9 125 1 79 24 80 84 80 48 79 110 26 78 11 47 70 114 118 19 91 2 60 63 51 10 3 72 107 11 57 122 127 40 116 46 34 63 110 8 65 76 102 51 28 23 5 23 66 47 6 85 10 26 70 47 66 86 6 0 10 117 27 95 47 63 30 40 41 92 98 123 114 88 22 58 70 120 36 17 98 53 100 64 82 102 8 107 19 8 28 48 103 96 122 5 79
42 123 32 93 17 43 67 91 48 84 67 92 88 38 25 119 6 12 57 82 21 54 103 88 104 125 45 86 78 46 27 72 9 125 1 79 24 80 84 80 48 79 110 26 78 11 47 70 114 118 19 91 2 60 63 51 10 3 72 107 11 57 122 127 40 116 46 34 63 110 8 65 76 102 51 28 23 5 23 66 47 6 85 10 26 70 47 66 86 6 0 10 117 27 95 47 63 30 40 41 92 98 123 114 88 22 58 70 120 36 17 98 53 100 64 82 102 8 107 19 8 28 48 103 96 122 5 79
125 95 117 71 43 112 34 67 9 23 20 113 87 40 67 74 3 88 42 37 44 23 12 86 5 32 48 24 12 31 29 11 74 86 71 123 117 50 112 58 126 30 7 75 62 48 105 121 76 122 2 62 115 92 58 57 7 53 43 67 107 12 51 37 86 36 14 50 56 65 91 76 36 85 96 72 8 22 79 94 91 68 117 98 14 28 95 128 84 87 63 112 105 92 94 86 109 58 127 24 56 40 30 49 103 118 68 65 111 7 91 37 1 56 9 110 38 62 83 114 118 116 122 0 39 21 42 114
42 123 32 93 17 43 67 91 48 84 67 92 88 38 25 119 6 12 57 82 21 54 103 88 104 125 45 86 78 46 27 72 9 125 1 79 24 80 84 80 48 79 110 26 78 11 47 70 114 118 19 91 2 60 63 51 10 3 72 107 11 57 122 127 40 116 46 34 63 110 8 65 76 102 51 28 23 5 23 66 47 6 85 10 26 70 47 66 86 6 0 10 117 27 95 47 63 30 40 41 92 98 123 114 88 22 58 70 120 36 17 98 53 100 64 82 102 8 107 19 8 28 48 103 96 122 5 79
81 87 127 39 42 26 81 13 127 83 11 80 116 46 55 89 22 0 52 23 32 4 95 104 64 78 107 45 5 60 103 13 18 57 100 127 28 68 55 87 66 96 77 106 104 91 25 61 56 122 44 39 66 19 1 119 128 106 15 50 10 103 57 91 115 106 104 47 115 66 43 111 7 27 53 36 77 71 29 68 14 117 37 120 23 70 49 61 117 59 18 82 33 100 64 56 13 17 66 37 64 92 29 103 104 80 39 11 18 120 30 92 1 63 68 64 124 86 34 62 125 8 87 24 23 8 29 45
17 113 51 32 19 45 103 19 7 3 127 21 13 74 102 118 101 124 31 22 69 45 91 101 83 40 73 58 79 53 3 112 87 93 26 103 115 0 89 104 99 8 110 56 20 125 125 119 7 41 49 7 28 64 1 7 85 20 52 31 14 88 16 50 121 79 59 122 122 122 1 31 21 65 87 105 19 106 88 114 32 14 49 49 12 104 51 81 94 92 61 1 61 76 113 40 20 1 49 98 99 29 1 2 48 90 124 14 103 125 20 62 96 26 111 17 110 124 115 62 66 37 8 121 112 7 99 28
17 113 51 32 19 45 103 19 7 3 127 21 13 74 102 118 101 124 31 22 69 45 91 101 83 40 73 58 79 53 3 112 87 93 26 103 115 0 89 104 99 8 110 56 20 125 125 119 7 41 49 7 28 64 1 7 85 20 52 31 14 88 16 50 121 79 59 122 122 122 1 31 21 65 87 105 19 106 88 114 32 14 49 49 12 104 51 81 94 92 61 1 61 76 113 40 20 1 49 98 99 29 1 2 48 90 124 14 103 125 20 62 96 26 111 17 110 124 115 62 66 37 8 121 112 7 99 28
83 88 76 110 110 127 32 126 23 56 10 63 84 13 83 122 23 14 25 29 127 64 79 52 22 93 98 123 49 87 2 99 31 15 5 86 5 66 70 77 125 5 12 31 120 95 31 112 10 112 41 124 15 83 104 114 73 32 46 4 50 46 64 18 46 52 108 9 119 3 0 39 70 43 63 54 33 82 22 90 32 51 57 29 88 124 58 95 101 60 71 57 49 26 101 50 126 75 40 17 82 67 22 8 1 80 38 110 87 119 58 88 121 3 34 60 117 10 99 8 80 63 19 116 111 30 50 59
91 86 9 53 108 41 124 9 69 62 113 43 111 39 13 6 60 63 29 45 25 84 122 47 70 42 33 0 124 20 1 53 111 47 76 82 126 75 72 78 27 88 36 19 73 37 114 85 34 83 23 115 39 54 105 110 46 5 2 21 59 89 37 26 41 73 18 78 2 94 72 125 35 21 9 26 50 9 98 99 39 20 27 19 88 42 44 18 43 47 120 61 52 22 120 31 6 13 25 8 118 39 49 38 90 34 5 91 45 115 118 14 17 52 13 8 42 46 18 3 52 17 113 68 13 9 117 79
45 65 57 72 104 51 92 40 43 122 119 112 67 113 29 52 96 86 68 8 20 34 123 112 13 81 17 81 24 83 11 14 73 23 6 16 29 36 127 22 10 106 42 26 85 116 128 101 108 19 55 75 30 118 94 123 66 100 120 17 101 109 0 124 99 74 45 54 60 71 13 36 9 61 76 28 53 38 20 6 121 73 31 108 103 55 82 74 110 47 109 65 1 72 28 86 8 105 18 126 58 100 104 74 28 10 67 23 95 100 47 105 94 106 49 53 51 54 56 13 1 13 84 57 20 8 121 70
20 32 128 120 99 128 7 118 59 62 21 99 65 127 15 36 73 76 89 4 58 61 109 116 114 28 54 81 21 49 0 4 80 92 126 122 120 49 123 49 84 85 114 61 43 4 58 52 88 94 3 38 3 83 42 51 29 45 110 64 94 49 6 95 16 50 92 45 22 42 83 67 59 25 30 9 14 95 12 24 53 51 117 123 78 9 75 56 101 99 76 35 114 16 110 42 17 118 19 62 31 74 77 8 82 118 112 78 11 77 10 51 30 20 45 63 118 117 96 107 17 62 101 85 71 5 36 56
112 92 76 113 99 117 89 13 2 115 13 28 68 94 81 60 13 56 128 28 102 93 127 112 97 78 36 50 37 22 111 110 118 32 59 34 18 43 62 87 42 82 74 79 50 99 10 9 46 116 101 103 52 41 25 6 70 105 82 49 91 88 62 55 61 59 93 52 90 44 23 85 90 125 99 2 68 59 77 12 49 126 38 70 24 57 92 5 13 118 119 13 84 40 20 29 117 86 73 13 10 14 24 38 65 50 18 68 1 64 5 8 69 44 42 96 126 121 119 65 12 24 72 71 41 83 65 42
11 72 67 82 7 115 73 80 126 112 91 38 44 6 75 45 102 59 99 83 62 110 64 94 98 119 124 121 104 15 86 80 57 75 31 98 104 26 95 110 59 75 101 34 106 15 59 67 22 2 30 60 90 22 14 76 40 23 47 51 97 77 36 83 79 91 97 39 116 22 73 126 70 36 81 62 118 0 67 36 70 114 69 28 104 39 114 112 82 87 11 98 124 33 125 120 72 10 78 5 82 48 78 80 105 115 18 31 28 119 91 30 77 24 0 7 108 41 101 36 49 117 6 102 83 74 119 110
125 95 117 71 43 112 34 67 9 23 20 113 87 40 67 74 3 88 42 37 44 23 12 86 5 32 48 24 12 31 29 11 74 86 71 123 117 50 112 58 126 30 7 75 62 48 105 121 76 122 2 62 115 92 58 57 7 53 43 67 107 12 51 37 86 36 14 50 56 65 91 76 36 85 96 72 8 22 79 94 91 68 117 98 14 28 95 128 84 87 63 112 105 92 94 86 109 58 127 24 56 40 30 49 103 118 68 65 111 7 91 37 1 56 9 110 38 62 83 114 118 116 122 0 39 21 42 114
42 123 32 93 17 43 67 91 48 84 67 92 88 38 25 119 6 12 57 82 21 54 103 88 104 125 45 86 78 46 27 72 9 125 1 79 24 80 84 80 48 79 110 26 78 11 47 70 114 118 19 91 2 60 63 51 10 3 72 107 11 57 122 127 40 116 46 34 63 110 8 65 76 102 51 28 23 5 23 66 47 6 85 10 26 70 47 66 86 6 0 10 117 27 95 47 63 30 40 41 92 98 123 114 88 22 58 70 120 36 17 98 53 100 64 82 102 8 107 19 8 28 48 103 96 122 5 79
125 95 117 71 43 112 34 67 9 23 20 113 87 40 67 74 3 88 42 37 44 23 12 86 5 32 48 24 12 31 29 11 74 86 71 123 117 50 112 58 126 30 7 75 62 48 105 121 76 122 2 62 115 92 58 57 7 53 43 67 107 12 51 37 86 36 14 50 56 65 91 76 36 85 96 72 8 22 79 94 91 68 117 98 14 28 95 128 84 87 63 112 105 92 94 86 109 58 127 24 56 40 30 49 103 118 68 65 111 7 91 37 1 56 9 110 38 62 83 114 118 116 122 0 39 21 42 114
42 123 32 93 17 43 67 91 48 84 67 92 88 38 25 119 6 12 57 82 21 54 103 88 104 125 45 86 78 46 27 72 9 125 1 79 24 80 84 80 48 79 110 26 78 11 47 70 114 118 19 91 2 60 63 51 10 3 72 107 11 57 122 127 40 116 46 34 63 110 8 65 76 102 51 28 23 5 23 66 47 6 85 10 26 70 47 66 86 6 0 10 117 27 95 47 63 30 40 41 92 98 123 114 88 22 58 70 120 36 17 98 53 100 64 82 102 8 107 19 8 28 48 103 96 122 5 79
42 123 32 93 17 43 67 91 48 84 67 92 88 38 25 119 6 12 57 82 21 54 103 88 104 125 45 86 78 46 27 72 9 125 1 79 24 80 84 80 48 79 110 26 78 11 47 70 114 118 19 91 2 60 63 51 10 3 72 107 11 57 122 127 40 116 46 34 63 110 8 65 76 102 51 28 23 5 23 66 47 6 85 10 26 70 47 66 86 6 0 10 117 27 95 47 63 30 40 41 92 98 123 114 88 22 58 70 120 36 17 98 53 100 64 82 102 8 107 19 8 28 48 103 96 122 5 79
125 95 117 71 43 112 34 67 9 23 20 113 87 40 67 74 3 88 42 37 44 23 12 86 5 32 48 24 12 31 29 11 74 86 71 123 117 50 112 58 126 30 7 75 62 48 105 121 76 122 2 62 115 92 58 57 7 53 43 67 107 12 51 37 86 36 14 50 56 65 91 76 36 85 96 72 8 22 79 94 91 68 117 98 14 28 95 128 84 87 63 112 105 92 94 86 109 58 127 24 56 40 30 49 103 118 68 65 111 7 91 37 1 56 9 110 38 62 83 114 118 116 122 0 39 21 42 114
42 123 32 93 17 43 67 91 48 84 67 92 88 38 25 119 6 12 57 82 21 54 103 88 104 125 45 86 78 46 27 72 9 125 1 79 24 80 84 80 48 79 110 26 78 11 47 70 114 118 19 91 2 60 63 51 10 3 72 107 11 57 122 127 40 116 46 34 63 110 8 65 76 102 51 28 23 5 23 66 47 6 85 10 26 70 47 66 86 6 0 10 117 27 95 47 63 30 40 41 92 98 123 114 88 22 58 70 120 36 17 98 53 100 64 82 102 8 107 19 8 28 48 103 96 122 5 79
81 87 127 39 42 26 81 13 127 83 11 80 116 46 55 89 22 0 52 23 32 4 95 104 64 78 107 45 5 60 103 13 18 57 100 127 28 68 55 87 66 96 77 106 104 91 25 61 56 122 44 39 66 19 1 119 128 106 15 50 10 103 57 91 115 106 104 47 115 66 43 111 7 27 53 36 77 71 29 68 14 117 37 120 23 70 49 61 117 59 18 82 33 100 64 56 13 17 66 37 64 92 29 103 104 80 39 11 18 120 30 92 1 63 68 64 124 86 34 62 125 8 87 24 23 8 29 45
17 113 51 32 19 45 103 19 7 3 127 21 13 74 102 118 101 124 31 22 69 45 91 101 83 40 73 58 79 53 3 112 87 93 26 103 115 0 89 104 99 8 110 56 20 125 125 119 7 41 49 7 28 64 1 7 85 20 52 31 14 88 16 50 121 79 59 122 122 122 1 31 21 65 87 105 19 106 88 114 32 14 49 49 12 104 51 81 94 92 61 1 61 76 113 40 20 1 49 98 99 29 1 2 48 90 124 14 103 125 20 62 96 26 111 17 110 124 115 62 66 37 8 121 112 7 99 28
17 113 51 32 19 45 103 19 7 3 127 21 13 74 102 118 101 124 31 22 69 45 91 101 83 40 73 58 79 53 3 112 87 93 26 103 115 0 89 104 99 8 110 56 20 125 125 119 7 41 49 7 28 64 1 7 85 20 52 31 14 88 16 50 121 79 59 122 122 122 1 31 21 65 87 105 19 106 88 114 32 14 49 49 12 104 51 81 94 92 61 1 61 76 113 40 20 1 49 98 99 29 1 2 48 90 124 14 103 125 20 62 96 26 111 17 110 124 115 62 66 37 8 121 112 7 99 28
83 88 76 110 110 127 32 126 23 56 10 63 84 13 83 122 23 14 25 29 127 64 79 52 22 93 98 123 49 87 2 99 31 15 5 86 5 66 70 77 125 5 12 31 120 95 31 112 10 112 41 124 15 83 104 114 73 32 46 4 50 46 64 18 46 52 108 9 119 3 0 39 70 43 63 54 33 82 22 90 32 51 57 29 88 124 58 95 101 60 71 57 49 26 101 50 126 75 40 17 82 67 22 8 1 80 38 110 87 119 58 88 121 3 34 60 117 10 99 8 80 63 19 116 111 30 50 59
91 86 9 53 108 41 124 9 69 62 113 43 111 39 13 6 60 63 29 45 25 84 122 47 70 42 33 0 124 20 1 53 111 47 76 82 126 75 72 78 27 88 36 19 73 37 114 85 34 83 23 115 39 54 105 110 46 5 2 21 59 89 37 26 41 73 18 78 2 94 72 125 35 21 9 26 50 9 98 99 39 20 27 19 88 42 44 18 43 47 120 61 52 22 120 31 6 13 25 8 118 39 49 38 90 34 5 91 45 115 118 14 17 52 13 8 42 46 18 3 52 17 113 68 13 9 117 79
45 65 57 72 104 51 92 40 43 122 119 112 67 113 29 52 96 86 68 8 20 34 123 112 13 81 17 81 24 83 11 14 73 23 6 16 29 36 127 22 10 106 42 26 85 116 128 101 108 19 55 75 30 118 94 123 66 100 120 17 101 109 0 124 99 74 45 54 60 71 13 36 9 61 76 28 53 38 20 6 121 73 31 108 103 55 82 74 110 47 109 65 1 72 28 86 8 105 18 126 58 100 104 74 28 10 67 23 95 100 47 105 94 106 49 53 51 54 56 13 1 13 84 57 20 8 121 70
20 32 128 120 99 128 7 118 59 62 21 99 65 127 15 36 73 76 89 4 58 61 109 116 114 28 54 81 21 49 0 4 80 92 126 122 120 49 123 49 84 85 114 61 43 4 58 52 88 94 3 38 3 83 42 51 29 45 110 64 94 49 6 95 16 50 92 45 22 42 83 67 59 25 30 9 14 95 12 24 53 51 117 123 78 9 75 56 101 99 76 35 114 16 110 42 17 118 19 62 31 74 77 8 82 118 112 78 11 77 10 51 30 20 45 63 118 117 96 107 17 62 101 85 71 5 36 56
17 113 51 32 19 45 103 19 7 3 127 21 13 74 102 118 101 124 31 22 69 45 91 101 83 40 73 58 79 53 3 112 87 93 26 103 115 0 89 104 99 8 110 56 20 125 125 119 7 41 49 7 28 64 1 7 85 20 52 31 14 88 16 50 121 79 59 122 122 122 1 31 21 65 87 105 19 106 88 114 32 14 49 49 12 104 51 81 94 92 61 1 61 76 113 40 20 1 49 98 99 29 1 2 48 90 124 14 103 125 20 62 96 26 111 17 110 124 115 62 66 37 8 121 112 7 99 28
17 113 51 32 19 45 103 19 7 3 127 21 13 74 102 118 101 124 31 22 69 45 91 101 83 40 73 58 79 53 3 112 87 93 26 103 115 0 89 104 99 8 110 56 20 125 125 119 7 41 49 7 28 64 1 7 85 20 52 31 14 88 16 50 121 79 59 122 122 122 1 31 21 65 87 105 19 106 88 114 32 14 49 49 12 104 51 81 94 92 61 1 61 76 113 40 20 1 49 98 99 29 1 2 48 90 124 14 103 125 20 62 96 26 111 17 110 124 115 62 66 37 8 121 112 7 99 28
83 88 76 110 110 127 32 126 23 56 10 63 84 13 83 122 23 14 25 29 127 64 79 52 22 93 98 123 49 87 2 99 31 15 5 86 5 66 70 77 125 5 12 31 120 95 31 112 10 112 41 124 15 83 104 114 73 32 46 4 50 46 64 18 46 52 108 9 119 3 0 39 70 43 63 54 33 82 22 90 32 51 57 29 88 124 58 95 101 60 71 57 49 26 101 50 126 75 40 17 82 67 22 8 1 80 38 110 87 119 58 88 121 3 34 60 117 10 99 8 80 63 19 116 111 30 50 59
91 86 9 53 108 41 124 9 69 62 113 43 111 39 13 6 60 63 29 45 25 84 122 47 70 42 33 0 124 20 1 53 111 47 76 82 126 75 72 78 27 88 36 19 73 37 114 85 34 83 23 115 39 54 105 110 46 5 2 21 59 89 37 26 41 73 18 78 2 94 72 125 35 21 9 26 50 9 98 99 39 20 27 19 88 42 44 18 43 47 120 61 52 22 120 31 6 13 25 8 118 39 49 38 90 34 5 91 45 115 118 14 17 52 13 8 42 46 18 3 52 17 113 68 13 9 117 79
45 65 57 72 104 51 92 40 43 122 119 112 67 113 29 52 96 86 68 8 20 34 123 112 13 81 17 81 24 83 11 14 73 23 6 16 29 36 127 22 10 106 42 26 85 116 128 101 108 19 55 75 30 118 94 123 66 100 120 17 101 109 0 124 99 74 45 54 60 71 13 36 9 61 76 28 53 38 20 6 121 73 31 108 103 55 82 74 110 47 109 65 1 72 28 86 8 105 18 126 58 100 104 74 28 10 67 23 95 100 47 105 94 106 49 53 51 54 56 13 1 13 84 57 20 8 121 70
20 32 128 120 99 128 7 118 59 62 21 99 65 127 15 36 73 76 89 4 58 61 109 116 114 28 54 81 21 49 0 4 80 92 126 122 120 49 123 49 84 85 114 61 43 4 58 52 88 94 3 38 3 83 42 51 29 45 110 64 94 49 6 95 16 50 92 45 22 42 83 67 59 25 30 9 14 95 12 24 53 51 117 123 78 9 75 56 101 99 76 35 114 16 110 42 17 118 19 62 31 74 77 8 82 118 112 78 11 77 10 51 30 20 45 63 118 117 96 107 17 62 101 85 71 5 36 56
112 92 76 113 99 117 89 13 2 115 13 28 68 94 81 60 13 56 128 28 102 93 127 112 97 78 36 50 37 22 111 110 118 32 59 34 18 43 62 87 42 82 74 79 50 99 10 9 46 116 101 103 52 41 25 6 70 105 82 49 91 88 62 55 61 59 93 52 90 44 23 85 90 125 99 2 68 59 77 12 49 126 38 70 24 57 92 5 13 118 119 13 84 40 20 29 117 86 73 13 10 14 24 38 65 50 18 68 1 64 5 8 69 44 42 96 126 121 119 65 12 24 72 71 41 83 65 42
11 72 67 82 7 115 73 80 126 112 91 38 44 6 75 45 102 59 99 83 62 110 64 94 98 119 124 121 104 15 86 80 57 75 31 98 104 26 95 110 59 75 101 34 106 15 59 67 22 2 30 60 90 22 14 76 40 23 47 51 97 77 36 83 79 91 97 39 116 22 73 126 70 36 81 62 118 0 67 36 70 114 69 28 104 39 114 112 82 87 11 98 124 33 125 120 72 10 78 5 82 48 78 80 105 115 18 31 28 119 91 30 77 24 0 7 108 41 101 36 49 117 6 102 83 74 119 110
125 95 117 71 43 112 34 67 9 23 20 113 87 40 67 74 3 88 42 37 44 23 12 86 5 32 48 24 12 31 29 11 74 86 71 123 117 50 112 58 126 30 7 75 62 48 105 121 76 122 2 62 115 92 58 57 7 53 43 67 107 12 51 37 86 36 14 50 56 65 91 76 36 85 96 72 8 22 79 94 91 68 117 98 14 28 95 128 84 87 63 112 105 92 94 86 109 58 127 24 56 40 30 49 103 118 68 65 111 7 91 37 1 56 9 110 38 62 83 114 118 116 122 0 39 21 42 114
42 123 32 93 17 43 67 91 48 84 67 92 88 38 25 119 6 12 57 82 21 54 103 88 104 125 45 86 78 46 27 72 9 125 1 79 24 80 84 80 48 79 110 26 78 11 47 70 114 118 19 91 2 60 63 51 10 3 72 107 11 57 122 127 40 116 46 34 63 110 8 65 76 102 51 28 23 5 23 66 47 6 85 10 26 70 47 66 86 6 0 10 117 27 95 47 63 30 40 41 92 98 123 114 88 22 58 70 120 36 17 98 53 100 64 82 102 8 107 19 8 28 48 103 96 122 5 79
125 95 117 71 43 112 34 67 9 23 20 113 87 40 67 74 3 88 42 37 44 23 12 86 5 32 48 24 12 31 29 11 74 86 71 123 117 50 112 58 126 30 7 75 62 48 105 121 76 122 2 62 115 92 58 57 7 53 43 67 107 12 51 37 86 36 14 50 56 65 91 76 36 85 96 72 8 22 79 94 91 68 117 98 14 28 95 128 84 87 63 112 105 92 94 86 109 58 127 24 56 40 30 49 103 118 68 65 111 7 91 37 1 56 9 110 38 62 83 114 118 116 122 0 39 21 42 114
42 123 32 93 17 43 67 91 48 84 67 92 88 38 25 119 6 12 57 82 21 54 103 88 104 125 45 86 78 46 27 72 9 125 1 79 24 80 84 80 48 79 110 26 78 11 47 70 114 118 19 91 2 60 63 51 10 3 72 107 11 57 122 127 40 116 46 34 63 110 8 65 76 102 51 28 23 5 23 66 47 6 85 10 26 70 47 66 86 6 0 10 117 27 95 47 63 30 40 41 92 98 123 114 88 22 58 70 120 36 17 98 53 100 64 82 102 8 107 19 8 28 48 103 96 122 5 79
42 123 32 93 17 43 67 91 48 84 67 92 88 38 25 119 6 12 57 82 21 54 103 88 104 125 45 86 78 46 27 72 9 125 1 79 24 80 84 80 48 79 110 26 78 11 47 70 114 118 19 91 2 60 63 51 10 3 72 107 11 57 122 127 40 116 46 34 63 110 8 65 76 102 51 28 23 5 23 66 47 6 85 10 26 70 47 66 86 6 0 10 117 27 95 47 63 30 40 41 92 98 123 114 88 22 58 70 120 36 17 98 53 100 64 82 102 8 107 19 8 28 48 103 96 122 5 79
125 95 117 71 43 112 34 67 9 23 20 113 87 40 67 74 3 88 42 37 44 23 12 86 5 32 48 24 12 31 29 11 74 86 71 123 117 50 112 58 126 30 7 75 62 48 105 121 76 122 2 62 115 92 58 57 7 53 43 67 107 12 51 37 86 36 14 50 56 65 91 76 36 85 96 72 8 22 79 94 91 68 117 98 14 28 95 128 84 87 63 112 105 92 94 86 109 58 127 24 56 40 30 49 103 118 68 65 111 7 91 37 1 56 9 110 38 62 83 114 118 116 122 0 39 21 42 114
42 123 32 93 17 43 67 91 48 84 67 92 88 38 25 119 6 12 57 82 21 54 103 88 104 125 45 86 78 46 27 72 9 125 1 79 24 80 84 80 48 79 110 26 78 11 47 70 114 118 19 91 2 60 63 51 10 3 72 107 11 57 122 127 40 116 46 34 63 110 8 65 76 102 51 28 23 5 23 66 47 6 85 10 26 70 47 66 86 6 0 10 117 27 95 47 63 30 40 41 92 98 123 114 88 22 58 70 120 36 17 98 53 100 64 82 102 8 107 19 8 28 48 103 96 122 5 79
81 87 127 39 42 26 81 13 127 83 11 80 116 46 55 89 22 0 52 23 32 4 95 104 64 78 107 45 5 60 103 13 18 57 100 127 28 68 55 87 66 96 77 106 104 91 25 61 56 122 44 39 66 19 1 119 128 106 15 50 10 103 57 91 115 106 104 47 115 66 43 111 7 27 53 36 77 71 29 68 14 117 37 120 23 70 49 61 117 59 18 82 33 100 64 56 13 17 66 37 64 92 29 103 104 80 39 11 18 120 30 92 1 63 68 64 124 86 34 62 125 8 87 24 23 8 29 45
17 113 51 32 19 45 103 19 7 3 127 21 13 74 102 118 101 124 31 22 69 45 91 101 83 40 73 58 79 53 3 112 87 93 26 103 115 0 89 104 99 8 110 56 20 125 125 119 7 41 49 7 28 64 1 7 85 20 52 31 14 88 16 50 121 79 59 122 122 122 1 31 21 65 87 105 19 106 88 114 32 14 49 49 12 104 51 81 94 92 61 1 61 76 113 40 20 1 49 98 99 29 1 2 48 90 124 14 103 125 20 62 96 26 111 17 110 124 115 62 66 37 8 121 112 7 99 28
17 113 51 32 19 45 103 19 7 3 127 21 13 74 102 118 101 124 31 22 69 45 91 101 83 40 73 58 79 53 3 112 87 93 26 103 115 0 89 104 99 8 110 56 20 125 125 119 7 41 49 7 28 64 1 7 85 20 52 31 14 88 16 50 121 79 59 122 122 122 1 31 21 65 87 105 19 106 88 114 32 14 49 49 12 104 51 81 94 92 61 1 61 76 113 40 20 1 49 98 99 29 1 2 48 90 124 14 103 125 20 62 96 26 111 17 110 124 115 62 66 37 8 121 112 7 99 28
83 88 76 110 110 127 32 126 23 56 10 63 84 13 83 122 23 14 25 29 127 64 79 52 22 93 98 123 49 87 2 99 31 15 5 86 5 66 70 77 125 5 12 31 120 95 31 112 10 112 41 124 15 83 104 114 73 32 46 4 50 46 64 18 46 52 108 9 119 3 0 39 70 43 63 54 33 82 22 90 32 51 57 29 88 124 58 95 101 60 71 57 49 26 101 50 126 75 40 17 82 67 22 8 1 80 38 110 87 119 58 88 121 3 34 60 117 10 99 8 80 63 19 116 111 30 50 59
91 86 9 53 108 41 124 9 69 62 113 43 111 39 13 6 60 63 29 45 25 84 122 47 70 42 33 0 124 20 1 53 111 47 76 82 126 75 72 78 27 88 36 19 73 37 114 85 34 83 23 115 39 54 105 110 46 5 2 21 59 89 37 26 41 73 18 78 2 94 72 125 35 21 9 26 50 9 98 99 39 20 27 19 88 42 44 18 43 47 120 61 52 22 120 31 6 13 25 8 118 39 49 38 90 34 5 91 45 115 118 14 17 52 13 8 42 46 18 3 52 17 113 68 13 9 117 79
45 65 57 72 104 51 92 40 43 122 119 112 67 113 29 52 96 86 68 8 20 34 123 112 13 81 17 81 24 83 11 14 73 23 6 16 29 36 127 22 10 106 42 26 85 116 128 101 108 19 55 75 30 118 94 123 66 100 120 17 101 109 0 124 99 74 45 54 60 71 13 36 9 61 76 28 53 38 20 6 121 73 31 108 103 55 82 74 110 47 109 65 1 72 28 86 8 105 18 126 58 100 104 74 28 10 67 23 95 100 47 105 94 106 49 53 51 54 56 13 1 13 84 57 20 8 121 70
20 32 128 120 99 128 7 118 59 62 21 99 65 127 15 36 73 76 89 4 58 61 109 116 114 28 54 81 21 49 0 4 80 92 126 122 120 49 123 49 84 85 114 61 43 4 58 52 88 94 3 38 3 83 42 51 29 45 110 64 94 49 6 95 16 50 92 45 22 42 83 67 59 25 30 9 14 95 12 24 53 51 117 123 78 9 75 56 101 99 76 35 114 16 110 42 17 118 19 62 31 74 77 8 82 118 112 78 11 77 10 51 30 20 45 63 118 117 96 107 17 62 101 85 71 5 36 56
112 92 76 113 99 117 89 13 2 115 13 28 68 94 81 60 13 56 128 28 102 93 127 112 97 78 36 50 37 22 111 110 118 32 59 34 18 43 62 87 42 82 74 79 50 99 10 9 46 116 101 103 52 41 25 6 70 105 82 49 91 88 62 55 61 59 93 52 90 44 23 85 90 125 99 2 68 59 77 12 49 126 38 70 24 57 92 5 13 118 119 13 84 40 20 29 117 86 73 13 10 14 24 38 65 50 18 68 1 64 5 8 69 44 42 96 126 121 119 65 12 24 72 71 41 83 65 42
11 72 67 82 7 115 73 80 126 112 91 38 44 6 75 45 102 59 99 83 62 110 64 94 98 119 124 121 104 15 86 80 57 75 31 98 104 26 95 110 59 75 101 34 106 15 59 67 22 2 30 60 90 22 14 76 40 23 47 51 97 77 36 83 79 91 97 39 116 22 73 126 70 36 81 62 118 0 67 36 70 114 69 28 104 39 114 112 82 87 11 98 124 33 125 120 72 10 78 5 82 48 78 80 105 115 18 31 28 119 91 30 77 24 0 7 108 41 101 36 49 117 6 102 83 74 119 110
125 95 117 71 43 112 34 67 9 23 20 113 87 40 67 74 3 88 42 37 44 23 12 86 5 32 48 24 12 31 29 11 74 86 71 123 117 50 112 58 126 30 7 75 62 48 105 121 76 122 2 62 115 92 58 57 7 53 43 67 107 12 51 37 86 36 14 50 56 65 91 76 36 85 96 72 8 22 79 94 91 68 117 98 14 28 95 128 84 87 63 112 105 92 94 86 109 58 127 24 56 40 30 49 103 118 68 65 111 7 91 37 1 56 9 110 38 62 83 114 118 116 122 0 39 21 42 114
42 123 32 93 17 43 67 91 48 84 67 92 88 38 25 119 6 12 57 82 21 54 103 88 104 125 45 86 78 46 27 72 9 125 1 79 24 80 84 80 48 79 110 26 78 11 47 70 114 118 19 91 2 60 63 51 10 3 72 107 11 57 122 127 40 116 46 34 63 110 8 65 76 102 51 28 23 5 23 66 47 6 85 10 26 70 47 66 86 6 0 10 117 27 95 47 63 30 40 41 92 98 123 114 88 22 58 70 120 36 17 98 53 100 64 82 102 8 107 19 8 28 48 103 96 122 5 79
125 95 117 71 43 112 34 67 9 23 20 113 87 40 67 74 3 88 42 37 44 23 12 86 5 32 48 24 12 31 29 11 74 86 71 123 117 50 112 58 126 30 7 75 62 48 105 121 76 122 2 62 115 92 58 57 7 53 43 67 107 12 51 37 86 36 14 50 56 65 91 76 36 85 96 72 8 22 79 94 91 68 117 98 14 28 95 128 84 87 63 112 105 92 94 86 109 58 127 24 56 40 30 49 103 118 68 65 111 7 91 37 1 56 9 110 38 62 83 114 118 116 122 0 39 21 42 114
42 123 32 93 17 43 67 91 48 84 67 92 88 38 25 119 6 12 57 82 21 54 103 88 104 125 45 86 78 46 27 72 9 125 1 79 24 80 84 80 48 79 110 26 78 11 47 70 114 118 19 91 2 60 63 51 10 3 72 107 11 57 122 127 40 116 46 34 63 110 8 65 76 102 51 28 23 5 23 66 47 6 85 10 26 70 47 66 86 6 0 10 117 27 95 47 63 30 40 41 92 98 123 114 88 22 58 70 120 36 17 98 53 100 64 82 102 8 107 19 8 28 48 103 96 122 5 79
42 123 32 93 17 43 67 91 48 84 67 92 88 38 25 119 6 12 57 82 21 54 103 88 104 125 45 86 78 46 27 72 9 125 1 79 24 80 84 80 48 79 110 26 78 11 47 70 114 118 19 91 2 60 63 51 10 3 72 107 11 57 122 127 40 116 46 34 63 110 8 65 76 102 51 28 23 5 23 66 47 6 85 10 26 70 47 66 86 6 0 10 117 27 95 47 63 30 40 41 92 98 123 114 88 22 58 70 120 36 17 98 53 100 64 82 102 8 107 19 8 28 48 103 96 122 5 79
125 95 117 71 43 112 34 67 9 23 20 113 87 40 67 74 3 88 42 37 44 23 12 86 5 32 48 24 12 31 29 11 74 86 71 123 117 50 112 58 126 30 7 75 62 48 105 121 76 122 2 62 115 92 58 57 7 53 43 67 107 12 51 37 86 36 14 50 56 65 91 76 36 85 96 72 8 22 79 94 91 68 117 98 14 28 95 128 84 87 63 112 105 92 94 86 109 58 127 24 56 40 30 49 103 118 68 65 111 7 91 37 1 56 9 110 38 62 83 114 118 116 122 0 39 21 42 114
42 123 32 93 17 43 67 91 48 84 67 92 88 38 25 119 6 12 57 82 21 54 103 88 104 125 45 86 78 46 27 72 9 125 1 79 24 80 84 80 48 79 110 26 78 11 47 70 114 118 19 91 2 60 63 51 10 3 72 107 11 57 122 127 40 116 46 34 63 110 8 65 76 102 51 28 23 5 23 66 47 6 85 10 26 70 47 66 86 6 0 10 117 27 95 47 63 30 40 41 92 98 123 114 88 22 58 70 120 36 17 98 53 100 64 82 102 8 107 19 8 28 48 103 96 122 5 79
81 87 127 39 42 26 81 13 127 83 11 80 116 46 55 89 22 0 52 23 32 4 95 104 64 78 107 45 5 60 103 13 18 57 100 127 28 68 55 87 66 96 77 106 104 91 25 61 56 122 44 39 66 19 1 119 128 106 15 50 10 103 57 91 115 106 104 47 115 66 43 111 7 27 53 36 77 71 29 68 14 117 37 120 23 70 49 61 117 59 18 82 33 100 64 56 13 17 66 37 64 92 29 103 104 80 39 11 18 120 30 92 1 63 68 64 124 86 34 62 125 8 87 24 23 8 29 45
112 92 76 113 99 117 89 13 2 115 13 28 68 94 81 60 13 56 128 28 102 93 127 112 97 78 36 50 37 22 111 110 118 32 59 34 18 43 62 87 42 82 74 79 50 99 10 9 46 116 101 103 52 41 25 6 70 105 82 49 91 88 62 55 61 59 93 52 90 44 23 85 90 125 99 2 68 59 77 12 49 126 38 70 24 57 92 5 13 118 119 13 84 40 20 29 117 86 73 13 10 14 24 38 65 50 18 68 1 64 5 8 69 44 42 96 126 121 119 65 12 24 72 71 41 83 65 42
11 72 67 82 7 115 73 80 126 112 91 38 44 6 75 45 102 59 99 83 62 110 64 94 98 119 124 121 104 15 86 80 57 75 31 98 104 26 95 110 59 75 101 34 106 15 59 67 22 2 30 60 90 22 14 76 40 23 47 51 97 77 36 83 79 91 97 39 116 22 73 126 70 36 81 62 118 0 67 36 70 114 69 28 104 39 114 112 82 87 11 98 124 33 125 120 72 10 78 5 82 48 78 80 105 115 18 31 28 119 91 30 77 24 0 7 108 41 101 36 49 117 6 102 83 74 119 110
125 95 117 71 43 112 34 67 9 23 20 113 87 40 67 74 3 88 42 37 44 23 12 86 5 32 48 24 12 31 29 11 74 86 71 123 117 50 112 58 126 30 7 75 62 48 105 121 76 122 2 62 115 92 58 57 7 53 43 67 107 12 51 37 86 36 14 50 56 65 91 76 36 85 96 72 8 22 79 94 91 68 117 98 14 28 95 128 84 87 63 112 105 92 94 86 109 58 127 24 56 40 30 49 103 118 68 65 111 7 91 37 1 56 9 110 38 62 83 114 118 116 122 0 39 21 42 114
42 123 32 93 17 43 67 91 48 84 67 92 88 38 25 119 6 12 57 82 21 54 103 88 104 125 45 86 78 46 27 72 9 125 1 79 24 80 84 80 48 79 110 26 78 11 47 70 114 118 19 91 2 60 63 51 10 3 72 107 11 57 122 127 40 116 46 34 63 110 8 65 76 102 51 28 23 5 23 66 47 6 85 10 26 70 47 66 86 6 0 10 117 27 95 47 63 30 40 41 92 98 123 114 88 22 58 70 120 36 17 98 53 100 64 82 102 8 107 19 8 28 48 103 96 122 5 79
125 95 117 71 43 112 34 67 9 23 20 113 87 40 67 74 3 88 42 37 44 23 12 86 5 32 48 24 12 31 29 11 74 86 71 123 117 50 112 58 126 30 7 75 62 48 105 121 76 122 2 62 115 92 58 57 7 53 43 67 107 12 51 37 86 36 14 50 56 65 91 76 36 85 96 72 8 22 79 94 91 68 117 98 14 28 95 128 84 87 63 112 105 92 94 86 109 58 127 24 56 40 30 49 103 118 68 65 111 7 91 37 1 56 9 110 38 62 83 114 118 116 122 0 39 21 42 114
42 123 32 93 17 43 67 91 48 84 67 92 88 38 25 119 6 12 57 82 21 54 103 88 104 125 45 86 78 46 27 72 9 125 1 79 24 80 84 80 48 79 110 26 78 11 47 70 114 118 19 91 2 60 63 51 10 3 72 107 11 57 122 127 40 116 46 34 63 110 8 65 76 102 51 28 23 5 23 66 47 6 85 10 26 70 47 66 86 6 0 10 117 27 95 47 63 30 40 41 92 98 123 114 88 22 58 70 120 36 17 98 53 100 64 82 102 8 107 19 8 28 48 103 96 122 5 79
42 123 32 93 17 43 67 91 48 84 67 92 88 38 25 119 6 12 57 82 21 54 103 88 104 125 45 86 78 46 27 72 9 125 1 79 24 80 84 80 48 79 110 26 78 11 47 70 114 118 19 91 2 60 63 51 10 3 72 107 11 57 122 127 40 116 46 34 63 110 8 65 76 102 51 28 23 5 23 66 47 6 85 10 26 70 47 66 86 6 0 10 117 27 95 47 63 30 40 41 92 98 123 114 88 22 58 70 120 36 17 98 53 100 64 82 102 8 107 19 8 28 48 103 96 122 5 79
125 95 117 71 43 112 34 67 9 23 20 113 87 40 67 74 3 88 42 37 44 23 12 86 5 32 48 24 12 31 29 11 74 86 71 123 117 50 112 58 126 30 7 75 62 48 105 121 76 122 2 62 115 92 58 57 7 53 43 67 107 12 51 37 86 36 14 50 56 65 91 76 36 85 96 72 8 22 79 94 91 68 117 98 14 28 95 128 84 87 63 112 105 92 94 86 109 58 127 24 56 40 30 49 103 118 68 65 111 7 91 37 1 56 9 110 38 62 83 114 118 116 122 0 39 21 42 114
42 123 32 93 17 43 67 91 48 84 67 92 88 38 25 119 6 12 57 82 21 54 103 88 104 125 45 86 78 46 27 72 9 125 1 79 24 80 84 80 48 79 110 26 78 11 47 70 114 118 19 91 2 60 63 51 10 3 72 107 11 57 122 127 40 116 46 34 63 110 8 65 76 102 51 28 23 5 23 66 47 6 85 10 26 70 47 66 86 6 0 10 117 27 95 47 63 30 40 41 92 98 123 114 88 22 58 70 120 36 17 98 53 100 64 82 102 8 107 19 8 28 48 103 96 122 5 79
81 87 127 39 42 26 81 13 127 83 11 80 116 46 55 89 22 0 52 23 32 4 95 104 64 78 107 45 5 60 103 13 18 57 100 127 28 68 55 87 66 96 77 106 104 91 25 61 56 122 44 39 66 19 1 119 128 106 15 50 10 103 57 91 115 106 104 47 115 66 43 111 7 27 53 36 77 71 29 68 14 117 37 120 23 70 49 61 117 59 18 82 33 100 64 56 13 17 66 37 64 92 29 103 104 80 39 11 18 120 30 92 1 63 68 64 124 86 34 62 125 8 87 24 23 8 29 45
17 113 51 32 19 45 103 19 7 3 127 21 13 74 102 118 101 124 31 22 69 45 91 101 83 40 73 58 79 53 3 112 87 93 26 103 115 0 89 104 99 8 110 56 20 125 125 119 7 41 49 7 28 64 1 7 85 20 52 31 14 88 16 50 121 79 59 122 122 122 1 31 21 65 87 105 19 106 88 114 32 14 49 49 12 104 51 81 94 92 61 1 61 76 113 40 20 1 49 98 99 29 1 2 48 90 124 14 103 125 20 62 96 26 111 17 110 124 115 62 66 37 8 121 112 7 99 28
17 113 51 32 19 45 103 19 7 3 127 21 13 74 102 118 101 124 31 22 69 45 91 101 83 40 73 58 79 53 3 112 87 93 26 103 115 0 89 104 99 8 110 56 20 125 125 119 7 41 49 7 28 64 1 7 85 20 52 31 14 88 16 50 121 79 59 122 122 122 1 31 21 65 87 105 19 106 88 114 32 14 49 49 12 104 51 81 94 92 61 1 61 76 113 40 20 1 49 98 99 29 1 2 48 90 124 14 103 125 20 62 96 26 111 17 110 124 115 62 66 37 8 121 112 7 99 28
83 88 76 110 110 127 32 126 23 56 10 63 84 13 83 122 23 14 25 29 127 64 79 52 22 93 98 123 49 87 2 99 31 15 5 86 5 66 70 77 125 5 12 31 120 95 31 112 10 112 41 124 15 83 104 114 73 32 46 4 50 46 64 18 46 52 108 9 119 3 0 39 70 43 63 54 33 82 22 90 32 51 57 29 88 124 58 95 101 60 71 57 49 26 101 50 126 75 40 17 82 67 22 8 1 80 38 110 87 119 58 88 121 3 34 60 117 10 99 8 80 63 19 116 111 30 50 59
91 86 9 53 108 41 124 9 69 62 113 43 111 39 13 6 60 63 29 45 25 84 122 47 70 42 33 0 124 20 1 53 111 47 76 82 126 75 72 78 27 88 36 19 73 37 114 85 34 83 23 115 39 54 105 110 46 5 2 21 59 89 37 26 41 73 18 78 2 94 72 125 35 21 9 26 50 9 98 99 39 20 27 19 88 42 44 18 43 47 120 61 52 22 120 31 6 13 25 8 118 39 49 38 90 34 5 91 45 115 118 14 17 52 13 8 42 46 18 3 52 17 113 68 13 9 117 79
45 65 57 72 104 51 92 40 43 122 119 112 67 113 29 52 96 86 68 8 20 34 123 112 13 81 17 81 24 83 11 14 73 23 6 16 29 36 127 22 10 106 42 26 85 116 128 101 108 19 55 75 30 118 94 123 66 100 120 17 101 109 0 124 99 74 45 54 60 71 13 36 9 61 76 28 53 38 20 6 121 73 31 108 103 55 82 74 110 47 109 65 1 72 28 86 8 105 18 126 58 100 104 74 28 10 67 23 95 100 47 105 94 106 49 53 51 54 56 13 1 13 84 57 20 8 121 70
20 32 128 120 99 128 7 118 59 62 21 99 65 127 15 36 73 76 89 4 58 61 109 116 114 28 54 81 21 49 0 4 80 92 126 122 120 49 123 49 84 85 114 61 43 4 58 52 88 94 3 38 3 83 42 51 29 45 110 64 94 49 6 95 16 50 92 45 22 42 83 67 59 25 30 9 14 95 12 24 53 51 117 123 78 9 75 56 101 99 76 35 114 16 110 42 17 118 19 62 31 74 77 8 82 118 112 78 11 77 10 51 30 20 45 63 118 117 96 107 17 62 101 85 71 5 36 56
112 92 76 113 99 117 89 13 2 115 13 28 68 94 81 60 13 56 128 28 102 93 127 112 97 78 36 50 37 22 111 110 118 32 59 34 18 43 62 87 42 82 74 79 50 99 10 9 46 116 101 103 52 41 25 6 70 105 82 49 91 88 62 55 61 59 93 52 90 44 23 85 90 125 99 2 68 59 77 12 49 126 38 70 24 57 92 5 13 118 119 13 84 40 20 29 117 86 73 13 10 14 24 38 65 50 18 68 1 64 5 8 69 44 42 96 126 121 119 65 12 24 72 71 41 83 65 42
11 72 67 82 7 115 73 80 126 112 91 38 44 6 75 45 102 59 99 83 62 110 64 94 98 119 124 121 104 15 86 80 57 75 31 98 104 26 95 110 59 75 101 34 106 15 59 67 22 2 30 60 90 22 14 76 40 23 47 51 97 77 36 83 79 91 97 39 116 22 73 126 70 36 81 62 118 0 67 36 70 114 69 28 104 39 114 112 82 87 11 98 124 33 125 120 72 10 78 5 82 48 78 80 105 115 18 31 28 119 91 30 77 24 0 7 108 41 101 36 49 117 6 102 83 74 119 110
125 95 117 71 43 112 34 67 9 23 20 113 87 40 67 74 3 88 42 37 44 23 12 86 5 32 48 24 12 31 29 11 74 86 71 123 117 50 112 58 126 30 7 75 62 48 105 121 76 122 2 62 115 92 58 57 7 53 43 67 107 12 51 37 86 36 14 50 56 65 91 76 36 85 96 72 8 22 79 94 91 68 117 98 14 28 95 128 84 87 63 112 105 92 94 86 109 58 127 24 56 40 30 49 103 118 68 65 111 7 91 37 1 56 9 110 38 62 83 114 118 116 122 0 39 21 42 114
42 123 32 93 17 43 67 91 48 84 67 92 88 38 25 119 6 12 57 82 21 54 103 88 104 125 45 86 78 46 27 72 9 125 1 79 24 80 84 80 48 79 110 26 78 11 47 70 114 118 19 91 2 60 63 51 10 3 72 107 11 57 122 127 40 116 46 34 63 110 8 65 76 102 51 28 23 5 23 66 47 6 85 10 26 70 47 66 86 6 0 10 117 27 95 47 63 30 40 41 92 98 123 114 88 22 58 70 120 36 17 98 53 100 64 82 102 8 107 19 8 28 48 103 96 122 5 79
125 95 117 71 43 112 34 67 9 23 20 113 87 40 67 74 3 88 42 37 44 23 12 86 5 32 48 24 12 31 29 11 74 86 71 123 117 50 112 58 126 30 7 75 62 48 105 121 76 122 2 62 115 92 58 57 7 53 43 67 107 12 51 37 86 36 14 50 56 65 91 76 36 85 96 72 8 22 79 94 91 68 117 98 14 28 95 128 84 87 63 112 105 92 94 86 109 58 127 24 56 40 30 49 103 118 68 65 111 7 91 37 1 56 9 110 38 62 83 114 118 116 122 0 39 21 42 114
42 123 32 93 17 43 67 91 48 84 67 92 88 38 25 119 6 12 57 82 21 54 103 88 104 125 45 86 78 46 27 72 9 125 1 79 24 80 84 80 48 79 110 26 78 11 47 70 114 118 19 91 2 60 63 51 10 3 72 107 11 57 122 127 40 116 46 34 63 110 8 65 76 102 51 28 23 5 23 66 47 6 85 10 26 70 47 66 86 6 0 10 117 27 95 47 63 30 40 41 92 98 123 114 88 22 58 70 120 36 17 98 53 100 64 82 102 8 107 19 8 28 48 103 96 122 5 79
42 123 32 93 17 43 67 91 48 84 67 92 88 38 25 119 6 12 57 82 21 54 103 88 104 125 45 86 78 46 27 72 9 125 1 79 24 80 84 80 48 79 110 26 78 11 47 70 114 118 19 91 2 60 63 51 10 3 72 107 11 57 122 127 40 116 46 34 63 110 8 65 76 102 51 28 23 5 23 66 47 6 85 10 26 70 47 66 86 6 0 10 117 27 95 47 63 30 40 41 92 98 123 114 88 22 58 70 120 36 17 98 53 100 64 82 102 8 107 19 8 28 48 103 96 122 5 79
125 95 117 71 43 112 34 67 9 23 20 113 87 40 67 74 3 88 42 37 44 23 12 86 5 32 48 24 12 31 29 11 74 86 71 123 117 50 112 58 126 30 7 75 62 48 105 121 76 122 2 62 115 92 58 57 7 53 43 67 107 12 51 37 86 36 14 50 56 65 91 76 36 85 96 72 8 22 79 94 91 68 117 98 14 28 95 128 84 87 63 112 105 92 94 86 109 58 127 24 56 40 30 49 103 118 68 65 111 7 91 37 1 56 9 110 38 62 83 114 118 116 122 0 39 21 42 114
42 123 32 93 17 43 67 91 48 84 67 92 88 38 25 119 6 12 57 82 21 54 103 88 104 125 45 86 78 46 27 72 9 125 1 79 24 80 84 80 48 79 110 26 78 11 47 70 114 118 19 91 2 60 63 51 10 3 72 107 11 57 122 127 40 116 46 34 63 110 8 65 76 102 51 28 23 5 23 66 47 6 85 10 26 70 47 66 86 6 0 10 117 27 95 47 63 30 40 41 92 98 123 114 88 22 58 70 120 36 17 98 53 100 64 82 102 8 107 19 8 28 48 103 96 122 5 79
81 87 127 39 42 26 81 13 127 83 11 80 116 46 55 89 22 0 52 23 32 4 95 104 64 78 107 45 5 60 103 13 18 57 100 127 28 68 55 87 66 96 77 106 104 91 25 61 56 122 44 39 66 19 1 119 128 106 15 50 10 103 57 91 115 106 104 47 115 66 43 111 7 27 53 36 77 71 29 68 14 117 37 120 23 70 49 61 117 59 18 82 33 100 64 56 13 17 66 37 64 92 29 103 104 80 39 11 18 120 30 92 1 63 68 64 124 86 34 62 125 8 87 24 23 8 29 45
17 113 51 32 19 45 103 19 7 3 127 21 13 74 102 118 101 124 31 22 69 45 91 101 83 40 73 58 79 53 3 112 87 93 26 103 115 0 89 104 99 8 110 56 20 125 125 119 7 41 49 7 28 64 1 7 85 20 52 31 14 88 16 50 121 79 59 122 122 122 1 31 21 65 87 105 19 106 88 114 32 14 49 49 12 104 51 81 94 92 61 1 61 76 113 40 20 1 49 98 99 29 1 2 48 90 124 14 103 125 20 62 96 26 111 17 110 124 115 62 66 37 8 121 112 7 99 28
17 113 51 32 19 45 103 19 7 3 127 21 13 74 102 118 101 124 31 22 69 45 91 101 83 40 73 58 79 53 3 112 87 93 26 103 115 0 89 104 99 8 110 56 20 125 125 119 7 41 49 7 28 64 1 7 85 20 52 31 14 88 16 50 121 79 59 122 122 122 1 31 21 65 87 105 19 106 88 114 32 14 49 49 12 104 51 81 94 92 61 1 61 76 113 40 20 1 49 98 99 29 1 2 48 90 124 14 103 125 20 62 96 26 111 17 110 124 115 62 66 37 8 121 112 7 99 28
83 88 76 110 110 127 32 126 23 56 10 63 84 13 83 122 23 14 25 29 127 64 79 52 22 93 98 123 49 87 2 99 31 15 5 86 5 66 70 77 125 5 12 31 120 95 31 112 10 112 41 124 15 83 104 114 73 32 46 4 50 46 64 18 46 52 108 9 119 3 0 39 70 43 63 54 33 82 22 90 32 51 57 29 88 124 58 95 101 60 71 57 49 26 101 50 126 75 40 17 82 67 22 8 1 80 38 110 87 119 58 88 121 3 34 60 117 10 99 8 80 63 19 116 111 30 50 59
91 86 9 53 108 41 124 9 69 62 113 43 111 39 13 6 60 63 29 45 25 84 122 47 70 42 33 0 124 20 1 53 111 47 76 82 126 75 72 78 27 88 36 19 73 37 114 85 34 83 23 115 39 54 105 110 46 5 2 21 59 89 37 26 41 73 18 78 2 94 72 125 35 21 9 26 50 9 98 99 39 20 27 19 88 42 44 18 43 47 120 61 52 22 120 31 6 13 25 8 118 39 49 38 90 34 5 91 45 115 118 14 17 52 13 8 42 46 18 3 52 17 113 68 13 9 117 79
45 65 57 72 104 51 92 40 43 122 119 112 67 113 29 52 96 86 68 8 20 34 123 112 13 81 17 81 24 83 11 14 73 23 6 16 29 36 127 22 10 106 42 26 85 116 128 101 108 19 55 75 30 118 94 123 66 100 120 17 101 109 0 124 99 74 45 54 60 71 13 36 9 61 76 28 53 38 20 6 121 73 31 108 103 55 82 74 110 47 109 65 1 72 28 86 8 105 18 126 58 100 104 74 28 10 67 23 95 100 47 105 94 106 49 53 51 54 56 13 1 13 84 57 20 8 121 70
20 32 128 120 99 128 7 118 59 62 21 99 65 127 15 36 73 76 89 4 58 61 109 116 114 28 54 81 21 49 0 4 80 92 126 122 120 49 123 49 84 85 114 61 43 4 58 52 88 94 3 38 3 83 42 51 29 45 110 64 94 49 6 95 16 50 92 45 22 42 83 67 59 25 30 9 14 95 12 24 53 51 117 123 78 9 75 56 101 99 76 35 114 16 110 42 17 118 19 62 31 74 77 8 82 118 112 78 11 77 10 51 30 20 45 63 118 117 96 107 17 62 101 85 71 5 36 56
17 113 51 32 19 45 103 19 7 3 127 21 13 74 102 118 101 124 31 22 69 45 91 101 83 40 73 58 79 53 3 112 87 93 26 103 115 0 89 104 99 8 110 56 20 125 125 119 7 41 49 7 28 64 1 7 85 20 52 31 14 88 16 50 121 79 59 122 122 122 1 31 21 65 87 105 19 106 88 114 32 14 49 49 12 104 51 81 94 92 61 1 61 76 113 40 20 1 49 98 99 29 1 2 48 90 124 14 103 125 20 62 96 26 111 17 110 124 115 62 66 37 8 121 112 7 99 28
17 113 51 32 19 45 103 19 7 3 127 21 13 74 102 118 101 124 31 22 69 45 91 101 83 40 73 58 79 53 3 112 87 93 26 103 115 0 89 104 99 8 110 56 20 125 125 119 7 41 49 7 28 64 1 7 85 20 52 31 14 88 16 50 121 79 59 122 122 122 1 31 21 65 87 105 19 106 88 114 32 14 49 49 12 104 51 81 94 92 61 1 61 76 113 40 20 1 49 98 99 29 1 2 48 90 124 14 103 125 20 62 96 26 111 17 110 124 115 62 66 37 8 121 112 7 99 28
83 88 76 110 110 127 32 126 23 56 10 63 84 13 83 122 23 14 25 29 127 64 79 52 22 93 98 123 49 87 2 99 31 15 5 86 5 66 70 77 125 5 12 31 120 95 31 112 10 112 41 124 15 83 104 114 73 32 46 4 50 46 64 18 46 52 108 9 119 3 0 39 70 43 63 54 33 82 22 90 32 51 57 29 88 124 58 95 101 60 71 57 49 26 101 50 126 75 40 17 82 67 22 8 1 80 38 110 87 119 58 88 121 3 34 60 117 10 99 8 80 63 19 116 111 30 50 59
91 86 9 53 108 41 124 9 69 62 113 43 111 39 13 6 60 63 29 45 25 84 122 47 70 42 33 0 124 20 1 53 111 47 76 82 126 75 72 78 27 88 36 19 73 37 114 85 34 83 23 115 39 54 105 110 46 5 2 21 59 89 37 26 41 73 18 78 2 94 72 125 35 21 9 26 50 9 98 99 39 20 27 19 88 42 44 18 43 47 120 61 52 22 120 31 6 13 25 8 118 39 49 38 90 34 5 91 45 115 118 14 17 52 13 8 42 46 18 3 52 17 113 68 13 9 117 79
45 65 57 72 104 51 92 40 43 122 119 112 67 113 29 52 96 86 68 8 20 34 123 112 13 81 17 81 24 83 11 14 73 23 6 16 29 36 127 22 10 106 42 26 85 116 128 101 108 19 55 75 30 118 94 123 66 100 120 17 101 109 0 124 99 74 45 54 60 71 13 36 9 61 76 28 53 38 20 6 121 73 31 108 103 55 82 74 110 47 109 65 1 72 28 86 8 105 18 126 58 100 104 74 28 10 67 23 95 100 47 105 94 106 49 53 51 54 56 13 1 13 84 57 20 8 121 70
20 32 128 120 99 128 7 118 59 62 21 99 65 127 15 36 73 76 89 4 58 61 109 116 114 28 54 81 21 49 0 4 80 92 126 122 120 49 123 49 84 85 114 61 43 4 58 52 88 94 3 38 3 83 42 51 29 45 110 64 94 49 6 95 16 50 92 45 22 42 83 67 59 25 30 9 14 95 12 24 53 51 117 123 78 9 75 56 101 99 76 35 114 16 110 42 17 118 19 62 31 74 77 8 82 118 112 78 11 77 10 51 30 20 45 63 118 117 96 107 17 62 101 85 71 5 36 56
112 92 76 113 99 117 89 13 2 115 13 28 68 94 81 60 13 56 128 28 102 93 127 112 97 78 36 50 37 22 111 110 118 32 59 34 18 43 62 87 42 82 74 79 50 99 10 9 46 116 101 103 52 41 25 6 70 105 82 49 91 88 62 55 61 59 93 52 90 44 23 85 90 125 99 2 68 59 77 12 49 126 38 70 24 57 92 5 13 118 119 13 84 40 20 29 117 86 73 13 10 14 24 38 65 50 18 68 1 64 5 8 69 44 42 96 126 121 119 65 12 24 72 71 41 83 65 42
11 72 67 82 7 115 73 80 126 112 91 38 44 6 75 45 102 59 99 83 62 110 64 94 98 119 124 121 104 15 86 80 57 75 31 98 104 26 95 110 59 75 101 34 106 15 59 67 22 2 30 60 90 22 14 76 40 23 47 51 97 77 36 83 79 91 97 39 116 22 73 126 70 36 81 62 118 0 67 36 70 114 69 28 104 39 114 112 82 87 11 98 124 33 125 120 72 10 78 5 82 48 78 80 105 115 18 31 28 119 91 30 77 24 0 7 108 41 101 36 49 117 6 102 83 74 119 110
125 95 117 71 43 112 34 67 9 23 20 113 87 40 67 74 3 88 42 37 44 23 12 86 5 32 48 24 12 31 29 11 74 86 71 123 117 50 112 58 126 30 7 75 62 48 105 121 76 122 2 62 115 92 58 57 7 53 43 67 107 12 51 37 86 36 14 50 56 65 91 76 36 85 96 72 8 22 79 94 91 68 117 98 14 28 95 128 84 87 63 112 105 92 94 86 109 58 127 24 56 40 30 49 103 118 68 65 111 7 91 37 1 56 9 110 38 62 83 114 118 116 122 0 39 21 42 114
42 123 32 93 17 43 67 91 48 84 67 92 88 38 25 119 6 12 57 82 21 54 103 88 104 125 45 86 78 46 27 72 9 125 1 79 24 80 84 80 48 79 110 26 78 11 47 70 114 118 19 91 2 60 63 51 10 3 72 107 11 57 122 127 40 116 46 34 63 110 8 65 76 102 51 28 23 5 23 66 47 6 85 10 26 70 47 66 86 6 0 10 117 27 95 47 63 30 40 41 92 98 123 114 88 22 58 70 120 36 17 98 53 100 64 82 102 8 107 19 8 28 48 103 96 122 5 79
125 95 117 71 43 112 34 67 9 23 20 113 87 40 67 74 3 88 42 37 44 23 12 86 5 32 48 24 12 31 29 11 74 86 71 123 117 50 112 58 126 30 7 75 62 48 105 121 76 122 2 62 115 92 58 57 7 53 43 67 107 12 51 37 86 36 14 50 56 65 91 76 36 85 96 72 8 22 79 94 91 68 117 98 14 28 95 128 84 87 63 112 105 92 94 86 109 58 127 24 56 40 30 49 103 118 68 65 111 7 91 37 1 56 9 110 38 62 83 114 118 116 122 0 39 21 42 114
42 123 32 93 17 43 67 91 48 84 67 92 88 38 25 119 6 12 57 82 21 54 103 88 104 125 45 86 78 46 27 72 9 125 1 79 24 80 84 80 48 79 110 26 78 11 47 70 114 118 19 91 2 60 63 51 10 3 72 107 11 57 122 127 40 116 46 34 63 110 8 65 76 102 51 28 23 5 23 66 47 6 85 10 26 70 47 66 86 6 0 10 117 27 95 47 63 30 40 41 92 98 123 114 88 22 58 70 120 36 17 98 53 100 64 82 102 8 107 19 8 28 48 103 96 122 5 79
42 123 32 93 17 43 67 91 48 84 67 92 88 38 25 119 6 12 57 82 21 54 103 88 104 125 45 86 78 46 27 72 9 125 1 79 24 80 84 80 48 79 110 26 78 11 47 70 114 118 19 91 2 60 63 51 10 3 72 107 11 57 122 127 40 116 46 34 63 110 8 65 76 102 51 28 23 5 23 66 47 6 85 10 26 70 47 66 86 6 0 10 117 27 95 47 63 30 40 41 92 98 123 114 88 22 58 70 120 36 17 98 53 100 64 82 102 8 107 19 8 28 48 103 96 122 5 79
125 95 117 71 43 112 34 67 9 23 20 113 87 40 67 74 3 88 42 37 44 23 12 86 5 32 48 24 12 31 29 11 74 86 71 123 117 50 112 58 126 30 7 75 62 48 105 121 76 122 2 62 115 92 58 57 7 53 43 67 107 12 51 37 86 36 14 50 56 65 91 76 36 85 96 72 8 22 79 94 91 68 117 98 14 28 95 128 84 87 63 112 105 92 94 86 109 58 127 24 56 40 30 49 103 118 68 65 111 7 91 37 1 56 9 110 38 62 83 114 118 116 122 0 39 21 42 114
42 123 32 93 17 43 67 91 48 84 67 92 88 38 25 119 6 12 57 82 21 54 103 88 104 125 45 86 78 46 27 72 9 125 1 79 24 80 84 80 48 79 110 26 78 11 47 70 114 118 19 91 2 60 63 51 10 3 72 107 11 57 122 127 40 116 46 34 63 110 8 65 76 102 51 28 23 5 23 66 47 6 85 10 26 70 47 66 86 6 0 10 117 27 95 47 63 30 40 41 92 98 123 114 88 22 58 70 120 36 17 98 53 100 64 82 102 8 107 19 8 28 48 103 96 122 5 79
81 87 127 39 42 26 81 13 127 83 11 80 116 46 55 89 22 0 52 23 32 4 95 104 64 78 107 45 5 60 103 13 18 57 100 127 28 68 55 87 66 96 77 106 104 91 25 61 56 122 44 39 66 19 1 119 128 106 15 50 10 103 57 91 115 106 104 47 115 66 43 111 7 27 53 36 77 71 29 68 14 117 37 120 23 70 49 61 117 59 18 82 33 100 64 56 13 17 66 37 64 92 29 103 104 80 39 11 18 120 30 92 1 63 68 64 124 86 34 62 125 8 87 24 23 8 29 45
17 113 51 32 19 45 103 19 7 3 127 21 13 74 102 118 101 124 31 22 69 45 91 101 83 40 73 58 79 53 3 112 87 93 26 103 115 0 89 104 99 8 110 56 20 125 125 119 7 41 49 7 28 64 1 7 85 20 52 31 14 88 16 50 121 79 59 122 122 122 1 31 21 65 87 105 19 106 88 114 32 14 49 49 12 104 51 81 94 92 61 1 61 76 113 40 20 1 49 98 99 29 1 2 48 90 124 14 103 125 20 62 96 26 111 17 110 124 115 62 66 37 8 121 112 7 99 28
17 113 51 32 19 45 103 19 7 3 127 21 13 74 102 118 101 124 31 22 69 45 91 101 83 40 73 58 79 53 3 112 87 93 26 103 115 0 89 104 99 8 110 56 20 125 125 119 7 41 49 7 28 64 1 7 85 20 52 31 14 88 16 50 121 79 59 122 122 122 1 31 21 65 87 105 19 106 88 114 32 14 49 49 12 104 51 81 94 92 61 1 61 76 113 40 20 1 49 98 99 29 1 2 48 90 124 14 103 125 20 62 96 26 111 17 110 124 115 62 66 37 8 121 112 7 99 28
83 88 76 110 110 127 32 126 23 56 10 63 84 13 83 122 23 14 25 29 127 64 79 52 22 93 98 123 49 87 2 99 31 15 5 86 5 66 70 77 125 5 12 31 120 95 31 112 10 112 41 124 15 83 104 114 73 32 46 4 50 46 64 18 46 52 108 9 119 3 0 39 70 43 63 54 33 82 22 90 32 51 57 29 88 124 58 95 101 60 71 57 49 26 101 50 126 75 40 17 82 67 22 8 1 80 38 110 87 119 58 88 121 3 34 60 117 10 99 8 80 63 19 116 111 30 50 59
91 86 9 53 108 41 124 9 69 62 113 43 111 39 13 6 60 63 29 45 25 84 122 47 70 42 33 0 124 20 1 53 111 47 76 82 126 75 72 78 27 88 36 19 73 37 114 85 34 83 23 115 39 54 105 110 46 5 2 21 59 89 37 26 41 73 18 78 2 94 72 125 35 21 9 26 50 9 98 99 39 20 27 19 88 42 44 18 43 47 120 61 52 22 120 31 6 13 25 8 118 39 49 38 90 34 5 91 45 115 118 14 17 52 13 8 42 46 18 3 52 17 113 68 13 9 117 79
45 65 57 72 104 51 92 40 43 122 119 112 67 113 29 52 96 86 68 8 20 34 123 112 13 81 17 81 24 83 11 14 73 23 6 16 29 36 127 22 10 106 42 26 85 116 128 101 108 19 55 75 30 118 94 123 66 100 120 17 101 109 0 124 99 74 45 54 60 71 13 36 9 61 76 28 53 38 20 6 121 73 31 108 103 55 82 74 110 47 109 65 1 72 28 86 8 105 18 126 58 100 104 74 28 10 67 23 95 100 47 105 94 106 49 53 51 54 56 13 1 13 84 57 20 8 121 70
20 32 128 120 99 128 7 118 59 62 21 99 65 127 15 36 73 76 89 4 58 61 109 116 114 28 54 81 21 49 0 4 80 92 126 122 120 49 123 49 84 85 114 61 43 4 58 52 88 94 3 38 3 83 42 51 29 45 110 64 94 49 6 95 16 50 92 45 22 42 83 67 59 25 30 9 14 95 12 24 53 51 117 123 78 9 75 56 101 99 76 35 114 16 110 42 17 118 19 62 31 74 77 8 82 118 112 78 11 77 10 51 30 20 45 63 118 117 96 107 17 62 101 85 71 5 36 56
112 92 76 113 99 117 89 13 2 115 13 28 68 94 81 60 13 56 128 28 102 93 127 112 97 78 36 50 37 22 111 110 118 32 59 34 18 43 62 87 42 82 74 79 50 99 10 9 46 116 101 103 52 41 25 6 70 105 82 49 91 88 62 55 61 59 93 52 90 44 23 85 90 125 99 2 68 59 77 12 49 126 38 70 24 57 92 5 13 118 119 13 84 40 20 29 117 86 73 13 10 14 24 38 65 50 18 68 1 64 5 8 69 44 42 96 126 121 119 65 12 24 72 71 41 83 65 42
11 72 67 82 7 115 73 80 126 112 91 38 44 6 75 45 102 59 99 83 62 110 64 94 98 119 124 121 104 15 86 80 57 75 31 98 104 26 95 110 59 75 101 34 106 15 59 67 22 2 30 60 90 22 14 76 40 23 47 51 97 77 36 83 79 91 97 39 116 22 73 126 70 36 81 62 118 0 67 36 70 114 69 28 104 39 114 112 82 87 11 98 124 33 125 120 72 10 78 5 82 48 78 80 105 115 18 31 28 119 91 30 77 24 0 7 108 41 101 36 49 117 6 102 83 74 119 110
125 95 117 71 43 112 34 67 9 23 20 113 87 40 67 74 3 88 42 37 44 23 12 86 5 32 48 24 12 31 29 11 74 86 71 123 117 50 112 58 126 30 7 75 62 48 105 121 76 122 2 62 115 92 58 57 7 53 43 67 107 12 51 37 86 36 14 50 56 65 91 76 36 85 96 72 8 22 79 94 91 68 117 98 14 28 95 128 84 87 63 112 105 92 94 86 109 58 127 24 56 40 30 49 103 118 68 65 111 7 91 37 1 56 9 110 38 62 83 114 118 116 122 0 39 21 42 114
42 123 32 93 17 43 67 91 48 84 67 92 88 38 25 119 6 12 57 82 21 54 103 88 104 125 45 86 78 46 27 72 9 125 1 79 24 80 84 80 48 79 110 26 78 11 47 70 114 118 19 91 2 60 63 51 10 3 72 107 11 57 122 127 40 116 46 34 63 110 8 65 76 102 51 28 23 5 23 66 47 6 85 10 26 70 47 66 86 6 0 10 117 27 95 47 63 30 40 41 92 98 123 114 88 22 58 70 120 36 17 98 53 100 64 82 102 8 107 19 8 28 48 103 96 122 5 79
125 95 117 71 43 112 34 67 9 23 20 113 87 40 67 74 3 88 42 37 44 23 12 86 5 32 48 24 12 31 29 11 74 86 71 123 117 50 112 58 126 30 7 75 62 48 105 121 76 122 2 62 115 92 58 57 7 53 43 67 107 12 51 37 86 36 14 50 56 65 91 76 36 85 96 72 8 22 79 94 91 68 117 98 14 28 95 128 84 87 63 112 105 92 94 86 109 58 127 24 56 40 30 49 103 118 68 65 111 7 91 37 1 56 9 110 38 62 83 114 118 116 122 0 39 21 42 114
42 123 32 93 17 43 67 91 48 84 67 92 88 38 25 119 6 12 57 82 21 54 103 88 104 125 45 86 78 46 27 72 9 125 1 79 24 80 84 80 48 79 110 26 78 11 47 70 114 118 19 91 2 60 63 51 10 3 72 107 11 57 122 127 40 116 46 34 63 110 8 65 76 102 51 28 23 5 23 66 47 6 85 10 26 70 47 66 86 6 0 10 117 27 95 47 63 30 40 41 92 98 123 114 88 22 58 70 120 36 17 98 53 100 64 82 102 8 107 19 8 28 48 103 96 122 5 79
42 123 32 93 17 43 67 91 48 84 67 92 88 38 25 119 6 12 57 82 21 54 103 88 104 125 45 86 78 46 27 72 9 125 1 79 24 80 84 80 48 79 110 26 78 11 47 70 114 118 19 91 2 60 63 51 10 3 72 107 11 57 122 127 40 116 46 34 63 110 8 65 76 102 51 28 23 5 23 66 47 6 85 10 26 70 47 66 86 6 0 10 117 27 95 47 63 30 40 41 92 98 123 114 88 22 58 70 120 36 17 98 53 100 64 82 102 8 107 19 8 28 48 103 96 122 5 79
125 95 117 71 43 112 34 67 9 23 20 113 87 40 67 74 3 88 42 37 44 23 12 86 5 32 48 24 12 31 29 11 74 86 71 123 117 50 112 58 126 30 7 75 62 48 105 121 76 122 2 62 115 92 58 57 7 53 43 67 107 12 51 37 86 36 14 50 56 65 91 76 36 85 96 72 8 22 79 94 91 68 117 98 14 28 95 128 84 87 63 112 105 92 94 86 109 58 127 24 56 40 30 49 103 118 68 65 111 7 91 37 1 56 9 110 38 62 83 114 118 116 122 0 39 21 42 114
42 123 32 93 17 43 67 91 48 84 67 92 88 38 25 119 6 12 57 82 21 54 103 88 104 125 45 86 78 46 27 72 9 125 1 79 24 80 84 80 48 79 110 26 78 11 47 70 114 118 19 91 2 60 63 51 10 3 72 107 11 57 122 127 40 116 46 34 63 110 8 65 76 102 51 28 23 5 23 66 47 6 85 10 26 70 47 66 86 6 0 10 117 27 95 47 63 30 40 41 92 98 123 114 88 22 58 70 120 36 17 98 53 100 64 82 102 8 107 19 8 28 48 103 96 122 5 79
81 87 127 39 42 26 81 13 127 83 11 80 116 46 55 89 22 0 52 23 32 4 95 104 64 78 107 45 5 60 103 13 18 57 100 127 28 68 55 87 66 96 77 106 104 91 25 61 56 122 44 39 66 19 1 119 128 106 15 50 10 103 57 91 115 106 104 47 115 66 43 111 7 27 53 36 77 71 29 68 14 117 37 120 23 70 49 61 117 59 18 82 33 100 64 56 13 17 66 37 64 92 29 103 104 80 39 11 18 120 30 92 1 63 68 64 124 86 34 62 125 8 87 24 23 8 29 45